@Enlazada doblemente sin cola
:1
13666,2000,1709,1375,1250,584,1209,834,209
:2
291,375,500,375,375,583,458,250,84
:4
166,375,375,208,208,500,334,208,84
:8
208,584,333,291,291,750,292,250,83
:16
209,458,708,458,458,1000,417,292,125
:32
208,625,750,333,333,917,292,167,83
:64
250,917,708,250,334,2541,250,667,125
:128
208,1417,1208,292,292,10541,209,208,84
:256
125,2084,1917,250,250,6125,333,208,83
:512
292,4375,4000,292,291,11917,375,250,84
:1024
167,7208,6917,208,250,12875,250,916,125
:2048
1042,28417,28417,667,792,70250,917,459,125
:4096
292,27334,26833,708,375,53750,417,125,209
:8192
667,55583,53375,458,375,98041,333,167,250
:16384
250,106833,106459,250,292,331584,334,1041,250
:32768
417,83542,215458,292,209,122375,292,125,208
:65536
625,150917,151416,500,416,137958,500,125,167
:131072
83,336042,291042,14750,14916,42209,14500,5375,13958
:262144
84,526417,621291,375,417,282459,541,84,125
:524288
83,1043167,1038208,708,417,208125,542,166,167
:1048576
125,2109375,2083958,708,541,1620667,1166,83,167
:2097152
42,4231667,3567625,6375,6917,4991500,125,41,6208
:4194304
166,8272083,6727708,417,959,14578458,167,208,208
:8388608
167,16272042,12944334,333,792,32024958,500,334,250
:16777216
250,32887750,69473042,458,1125,30208042,250,209,7250
:33554432
42,70023875,47384417,6542,7500,6390750,291,208,83
:67108864
83,144425875,246242375,500,917,423048583,292,375,250
