@Enlazada doblemente sin cola
:1
35916,4375,4292,2583,2417,1208,2500,1584,375
:2
500,958,792,792,667,1417,875,625,208
:4
333,959,1583,709,709,1042,958,709,292
:8
375,1083,792,791,625,1500,875,709,208
:16
375,1250,875,709,666,1875,792,625,292
:32
334,1417,1041,667,625,1666,708,583,250
:64
375,1916,1500,708,625,25583,958,1375,250
:128
375,3083,2333,791,708,4916,791,625,292
:256
375,4625,3916,791,666,13583,1125,459,208
:512
334,8417,7917,625,625,19833,667,958,250
:1024
333,14667,14125,542,625,5041,584,292,292
:2048
333,27709,27708,584,625,83917,625,375,250
:4096
708,27625,27584,1042,417,81541,375,167,167
:8192
333,53209,53000,250,292,3166,292,125,166
:16384
208,105583,105625,250,333,266750,167,167,250
:32768
167,208792,208500,208,292,292958,250,41,125
:65536
166,400666,418083,250,250,273083,250,83,125
:131072
375,291792,305625,500,500,1948792,750,250,250
:262144
250,646084,579042,13334,13208,308583,14125,5417,13583
:524288
125,1035833,1219458,458,417,862584,917,41,167
:1048576
83,2073125,2402250,458,250,1955667,791,125,125
:2097152
125,4149708,3312958,6542,7125,7020666,250,125,6542
:4194304
0,8162042,6383500,333,750,5588416,292,250,83
:8388608
209,16222125,13335458,417,958,163791,125,41,83
:16777216
41,38984791,26724917,375,834,36604166,416,208,167
:33554432
42,70716166,84716125,416,1084,212571125,291,291,292
:67108864
0,157800500,202351917,333,1375,218260208,292,542,42
