@Enlazada doblemente sin cola
:1
18166,1959,1958,1500,1125,708,1333,958,250
:2
209,458,500,375,333,625,416,250,83
:4
167,416,333,291,333,459,375,292,250
:8
125,334,417,250,250,334,417,334,84
:16
208,416,1417,1250,916,2500,917,750,250
:32
458,1375,1084,708,625,2875,833,584,291
:64
500,1792,1500,750,666,5459,834,1416,209
:128
334,3167,2250,792,584,7250,750,584,292
:256
291,4416,3916,750,625,5250,791,1125,209
:512
333,8542,7875,709,625,15834,667,333,250
:1024
334,14667,13959,625,583,4833,625,250,208
:2048
292,27917,27625,583,667,16459,584,250,250
:4096
334,54583,54250,1209,583,16334,667,250,250
:8192
375,107458,107416,542,584,243958,625,1208,250
:16384
458,213459,220917,584,625,183584,666,333,250
:32768
334,117500,428209,583,708,783250,667,709,209
:65536
458,173583,149875,458,417,63541,375,125,250
:131072
292,258083,286625,458,292,80459,458,167,125
:262144
208,522667,573584,12958,12958,219709,13709,5250,13917
:524288
166,1043584,1164000,667,584,241958,875,166,250
:1048576
125,2105292,2272750,667,250,1082000,584,125,167
:2097152
83,4235208,3457500,6708,7292,6874750,209,41,6750
:4194304
42,9884500,7290417,458,916,2168166,250,166,125
:8388608
291,18774500,15286750,541,875,1832708,250,209,208
:16777216
41,35661958,29542667,458,875,17292708,375,167,125
:33554432
41,106850291,150123292,542,2041,210563208,291,250,208
:67108864
0,284282709,287364916,375,916,80838833,292,250,83
