@Enlazada doblemente sin cola
:1
34333,4541,4042,2542,2417,1208,2541,1959,291
:2
500,917,792,750,667,1083,875,625,250
:4
334,917,791,750,625,1541,833,584,250
:8
292,1000,792,750,625,1208,833,583,250
:16
500,1208,875,667,416,1959,459,292,125
:32
541,667,542,292,333,9791,375,292,125
:64
167,750,708,375,333,6792,250,667,125
:128
83,1542,1208,292,291,3959,291,208,42
:256
167,2041,1917,250,208,7292,291,292,167
:512
125,4375,3958,333,333,5875,375,1167,167
:1024
292,7000,6834,292,250,22166,292,1083,208
:2048
167,13458,13458,208,416,417,334,125,125
:4096
250,26542,26542,500,250,27834,292,125,83
:8192
167,52417,52542,209,292,98833,291,584,125
:16384
125,104375,104917,292,375,34000,208,250,83
:32768
167,79334,214792,167,208,563541,250,167,167
:65536
250,146458,146625,292,334,130417,334,125,166
:131072
333,317208,281000,375,333,272166,250,83,83
:262144
250,519000,571417,12667,13083,76625,13667,5208,13125
:524288
83,1026875,1114583,500,250,1021542,458,167,125
:1048576
125,2067542,2246833,375,416,481125,417,250,125
:2097152
84,4137625,3330875,6417,7250,591000,2292,83,6584
:4194304
0,8165875,7579750,667,917,4797833,375,416,84
:8388608
84,16209625,12751209,542,1042,23978750,84,167,291
:16777216
250,34435042,27467292,625,1083,12407416,292,166,334
:33554432
0,79625125,90052792,6875,7458,117928959,250,292,13708
:67108864
84,153195541,132645584,542,875,215283375,334,500,209
