@Enlazada doblemente sin cola
:1
42167,4292,4375,2667,2500,1375,2542,1625,334
:2
375,959,791,792,625,833,750,625,292
:4
333,916,750,708,625,792,750,625,292
:8
333,1000,875,750,625,1666,833,584,250
:16
334,1125,1000,750,625,1208,750,667,209
:32
375,1333,1041,667,625,4041,750,583,292
:64
292,1792,1459,750,583,2667,750,1667,208
:128
334,3208,2375,791,584,10500,791,583,250
:256
291,4417,4000,791,583,9625,750,1125,292
:512
625,6916,4500,417,375,13084,416,250,125
:1024
250,7209,7083,250,292,6375,208,41,208
:2048
167,13583,13333,209,208,53417,333,125,83
:4096
208,26625,26875,291,333,66291,1542,541,209
:8192
750,107917,107917,709,625,215334,708,1083,292
:16384
583,218334,214167,708,708,637000,666,208,208
:32768
750,109292,430959,625,667,178625,833,333,541
:65536
708,175583,152750,625,417,20042,417,125,166
:131072
375,268917,283125,458,292,209292,375,125,41
:262144
208,546542,579958,13500,13500,418083,14125,5541,13917
:524288
250,1150083,1211459,375,458,60791,416,125,84
:1048576
83,2656292,2405084,792,334,435667,875,167,125
:2097152
209,5152584,4020583,6458,7125,3112417,2750,167,6250
:4194304
41,11117667,6959416,292,709,2006292,292,333,83
:8388608
167,18620209,14519833,375,833,20607042,250,125,167
:16777216
41,35100666,26247625,417,625,38213625,416,292,250
:33554432
42,74389041,59143084,500,3209,63987167,375,166,41
:67108864
0,211134875,224902000,541,750,137896000,2917,166,250
