@Enlazada doblemente sin cola
:1
21792,2708,2375,1417,1250,917,1333,958,125
:2
458,500,459,334,375,375,375,292,83
:4
167,375,333,250,250,458,334,375,250
:8
166,500,458,208,333,750,250,167,84
:16
291,541,584,333,292,1208,250,250,83
:32
208,500,500,292,208,6667,375,333,166
:64
125,666,625,417,250,5500,292,792,125
:128
125,1459,1167,292,334,3250,291,250,83
:256
125,2083,2000,459,292,1709,334,208,125
:512
250,4583,3917,250,291,11625,417,875,84
:1024
84,7125,7125,292,292,3541,333,167,41
:2048
208,13583,13417,250,292,15625,333,42,83
:4096
209,26584,26541,500,250,64917,291,125,84
:8192
250,53084,52417,250,250,101042,875,83,83
:16384
416,105917,105250,208,292,115500,250,42,84
:32768
375,86375,213167,334,583,343542,250,84,167
:65536
208,189125,149666,333,458,126791,292,125,125
:131072
125,271375,321041,14416,13750,193875,15333,5708,13958
:262144
750,524708,636167,542,458,381875,875,416,166
:524288
750,1052542,1354584,1625,1125,280334,916,666,417
:1048576
83,2076709,1670959,6166,6708,2937125,334,250,6167
:2097152
42,5121750,5720208,375,1209,4646750,3416,209,166
:4194304
41,11613250,6770292,459,833,13597292,167,167,125
:8388608
208,18553375,15009541,333,917,7104834,2959,166,416
:16777216
42,34814667,37603709,6542,6959,97084708,458,250,7417
:33554432
83,75382625,60871916,458,1000,58881625,3292,250,125
:67108864
83,254457917,247800625,375,917,478550958,500,292,166
