@Enlazada doblemente sin cola
:1
31375,3666,3417,2500,2375,1583,2458,1583,333
:2
459,958,792,833,667,1125,792,583,250
:4
333,917,709,792,625,1292,833,750,209
:8
375,1125,875,833,667,1417,792,583,209
:16
334,1167,958,792,625,792,792,583,250
:32
334,1375,1084,750,625,4375,750,583,250
:64
375,1791,1500,750,667,1542,750,1542,250
:128
334,3375,2250,792,583,1583,792,542,208
:256
292,4625,3875,834,584,22833,959,500,167
:512
333,8542,7917,500,583,26083,542,750,291
:1024
375,14666,14083,625,583,35500,583,500,209
:2048
1083,16208,13833,459,375,14958,375,375,209
:4096
333,26750,26667,542,166,8500,458,208,209
:8192
916,108375,108458,1542,708,120834,708,292,250
:16384
542,213750,214500,584,625,604250,583,334,208
:32768
416,113875,475750,875,750,113958,625,291,291
:65536
584,180167,152250,458,416,95750,334,125,208
:131072
375,258000,284417,417,292,260708,375,125,83
:262144
83,517709,572666,13375,13416,182291,14083,5375,13834
:524288
167,1028000,1212750,417,292,1039958,667,166,208
:1048576
125,2072750,2396292,1041,375,1939417,1333,209,417
:2097152
167,4173709,3396542,6291,6875,1554542,1875,125,6375
:4194304
83,9314833,6751000,458,958,20833125,291,125,333
:8388608
167,18945708,14275958,542,1125,31365917,167,250,6958
:16777216
83,34382292,29312584,6792,6959,53181458,333,208,208
:33554432
166,73025167,57379125,6500,7750,84982542,375,166,7541
:67108864
42,279603833,332242583,292,1000,212017250,333,291,84
