@Enlazada doblemente sin cola
:1
36584,4541,4375,2583,2334,1292,2500,1583,291
:2
625,584,666,375,417,708,459,250,125
:4
208,417,417,208,334,709,833,208,167
:8
166,458,375,208,208,792,458,167,250
:16
250,583,500,375,334,792,291,208,125
:32
125,542,500,250,208,6084,250,250,250
:64
292,792,667,292,209,3542,250,625,125
:128
209,1583,1208,250,166,5708,250,333,208
:256
166,2125,2000,250,250,2458,291,166,83
:512
166,4208,4000,333,250,2167,458,291,83
:1024
250,7083,7167,292,375,2875,333,833,42
:2048
208,13583,13459,292,292,8500,250,83,83
:4096
84,26542,26750,209,291,78250,375,125,83
:8192
250,53542,52833,375,291,126791,208,209,208
:16384
500,108500,106709,334,291,194291,250,1000,208
:32768
541,87458,215625,250,292,114500,250,167,83
:65536
166,152625,157042,208,333,122417,250,125,166
:131072
250,319625,283583,334,375,84084,375,83,125
:262144
208,610875,570541,13459,13375,126417,14125,5541,13875
:524288
125,1036083,1207417,416,500,957250,500,167,84
:1048576
125,2090417,2396084,541,291,1246667,792,125,83
:2097152
0,4143125,3518584,6208,6917,1757750,2708,333,6417
:4194304
41,8143042,6613292,458,709,5475500,417,292,83
:8388608
209,16223250,16030917,541,958,13976542,500,542,83
:16777216
250,32319666,24919833,6667,7334,34606375,292,375,6875
:33554432
208,68890458,65249666,625,1125,19866666,583,125,208
:67108864
42,159893459,214659333,6541,6958,183353667,375,584,7292
