@Enlazada doblemente sin cola
:1
47917,5584,5292,2750,3750,1083,1667,958,333
:2
500,542,458,292,334,667,416,250,125
:4
208,417,375,250,250,333,333,375,250
:8
83,417,333,250,250,708,417,292,125
:16
1000,1375,1209,875,834,1875,875,542,250
:32
458,1333,1125,875,625,1541,916,500,208
:64
542,1834,1500,750,583,12417,750,1667,208
:128
292,3625,2250,750,583,1875,792,500,209
:256
292,4542,3875,791,666,8458,1167,542,208
:512
334,8792,7916,583,583,33041,584,792,208
:1024
333,14541,14084,500,583,50416,583,375,167
:2048
292,28125,27875,541,625,29667,542,583,208
:4096
334,54250,54500,1166,1375,50750,834,292,250
:8192
375,53500,52667,375,250,117791,250,125,166
:16384
291,105875,107667,250,292,307541,250,209,208
:32768
292,82583,217084,417,292,25375,250,125,291
:65536
292,147000,149625,208,417,127542,209,125,250
:131072
292,649375,290709,667,542,265958,416,167,167
:262144
167,523833,1403333,26250,14208,110709,14709,5333,13750
:524288
125,1034875,1036834,500,334,174500,625,167,83
:1048576
41,2079959,2078166,1166,625,2226125,1500,500,542
:2097152
167,4127917,3383792,6458,7125,5970875,250,83,6541
:4194304
125,8171083,6519458,459,1166,2641416,417,208,83
:8388608
83,20096667,13846334,458,791,2733417,250,208,83
:16777216
0,36397333,27151667,542,917,112486125,292,291,42
:33554432
41,74108625,62017042,209,916,139087500,125,167,125
:67108864
41,141167916,118857792,458,959,531078417,416,209,250
