@Enlazada doblemente sin cola
:1
32708,3666,3750,2541,2291,1459,2542,1708,250
:2
416,916,750,750,708,1292,792,583,292
:4
333,1000,666,792,625,1542,833,583,208
:8
375,1042,750,792,625,1334,791,667,209
:16
375,1167,834,750,625,2167,750,625,250
:32
333,1334,1041,750,625,2000,792,625,209
:64
333,1792,1500,708,583,2500,750,1375,250
:128
292,3000,2250,750,625,2708,791,542,167
:256
334,4500,3875,708,583,10625,750,625,209
:512
333,9083,7875,583,584,25791,583,958,250
:1024
334,14709,14167,542,584,12542,583,375,250
:2048
333,27792,27750,583,666,8542,541,208,208
:4096
333,54458,54375,542,1208,51334,625,334,208
:8192
417,107708,108084,542,625,158333,3708,459,250
:16384
917,107500,107125,417,416,247792,291,1458,83
:32768
667,89167,216667,334,333,25500,291,125,167
:65536
667,151834,155333,250,417,66042,208,125,208
:131072
625,351833,288917,667,333,98041,625,167,208
:262144
417,524375,581792,13667,13334,174250,14416,5500,13750
:524288
167,1047042,1130667,625,292,508167,625,375,84
:1048576
83,2086875,2269083,375,250,2295416,1750,375,458
:2097152
166,4311542,3906833,6541,7042,3029834,2709,333,6375
:4194304
42,15634000,8712959,541,1167,14334333,375,83,208
:8388608
250,22466292,13741292,333,917,7324500,417,166,83
:16777216
83,35951416,29036375,667,1292,81024458,333,416,125
:33554432
42,99020375,95810125,625,1417,24241541,333,125,167
:67108864
41,206292375,226924416,416,833,99005917,3458,125,167
