@Enlazada doblemente sin cola
:1
13416,1500,1625,1334,1166,583,1292,750,208
:2
209,500,542,375,375,417,375,250,125
:4
167,333,417,208,292,417,375,250,83
:8
167,333,375,250,250,792,334,208,84
:16
167,458,417,250,292,1125,292,209,83
:32
167,541,541,250,250,1167,250,209,83
:64
125,708,750,334,208,2041,291,583,125
:128
166,1375,1167,291,292,3500,291,209,83
:256
167,2083,1875,292,292,2291,291,542,41
:512
166,3958,3875,291,292,1709,250,417,84
:1024
167,6958,6917,167,209,11625,209,125,83
:2048
208,13458,13375,167,208,19667,209,125,84
:4096
167,26541,26583,167,291,63666,292,125,125
:8192
167,52583,52417,209,292,164833,708,83,83
:16384
1292,214708,215500,708,750,358000,625,292,250
:32768
917,119916,347250,875,667,86541,292,292,83
:65536
625,149042,153750,333,333,145875,334,125,125
:131072
334,314000,284709,375,334,165500,291,83,83
:262144
208,520292,575625,12834,13042,18334,13666,5291,13416
:524288
84,1037084,1630083,1292,1000,76333,1041,333,375
:1048576
292,2838292,2079209,500,292,1917209,792,166,208
:2097152
42,4721125,11404584,6583,6667,2121666,2209,208,6625
:4194304
42,11382417,7493083,334,1000,3748041,292,125,83
:8388608
83,18917750,19624333,458,917,18283042,708,250,291
:16777216
167,51496583,79902125,6583,15500,199556125,2416,250,7083
:33554432
0,82876375,84530292,375,1209,117963917,583,500,209
:67108864
0,196989500,358445333,291,916,177620083,3625,125,125
