@Enlazada doblemente sin cola
:1
33209,4000,4000,3333,2708,1417,2458,1625,333
:2
459,917,750,750,709,1042,791,583,250
:4
292,958,666,667,583,1208,792,542,209
:8
375,1042,834,792,625,1792,750,542,208
:16
291,1083,1000,792,625,1666,708,542,208
:32
333,1375,1167,708,584,3458,708,583,209
:64
292,1750,1458,750,584,5250,708,1542,208
:128
333,2917,2333,791,583,1667,750,542,208
:256
375,4792,3958,833,708,12375,709,542,208
:512
292,8541,8041,583,583,12417,542,625,208
:1024
334,14666,14167,541,583,27458,584,334,208
:2048
333,28083,27583,584,667,93667,666,334,209
:4096
291,54417,54417,1167,583,143834,625,458,209
:8192
292,107667,108167,500,583,48083,542,250,208
:16384
333,213583,214667,584,625,642541,542,583,208
:32768
500,82250,216000,500,375,53375,458,125,208
:65536
167,148584,148250,292,334,80209,292,125,208
:131072
292,317958,284083,416,333,203666,333,167,125
:262144
83,521125,573791,13125,13000,198083,13750,5417,13375
:524288
208,1030125,1208958,291,333,311500,750,42,209
:1048576
125,2077875,2402250,875,333,1111750,1042,125,84
:2097152
0,4692375,4082917,6459,7000,2330834,3000,125,6459
:4194304
41,8926625,6488667,375,667,11117208,291,250,125
:8388608
250,19252500,13916000,625,1417,25151625,292,125,125
:16777216
292,39424042,38268292,375,916,91714334,584,375,7375
:33554432
0,84571292,51422292,6375,7042,98994416,3583,166,166
:67108864
0,289287417,226166417,333,1041,345789625,291,250,167
