@Enlazada doblemente sin cola
:1
16000,2333,2000,1458,1250,833,1417,1000,250
:2
291,542,542,292,375,750,500,375,83
:4
250,542,458,292,250,625,416,292,84
:8
166,625,458,416,333,1000,375,375,250
:16
1250,1417,1291,875,791,1083,792,792,333
:32
375,1542,1125,708,625,14541,750,584,250
:64
375,1792,1583,791,625,8625,833,1875,208
:128
333,3125,2334,750,625,15500,792,584,209
:256
333,4500,3875,750,584,24209,708,583,208
:512
292,8792,7875,792,583,41417,791,625,208
:1024
292,15292,14459,750,625,67375,750,625,208
:2048
291,28916,28250,750,584,5709,791,583,209
:4096
333,55833,55792,708,583,242458,833,708,291
:8192
709,110666,112708,708,583,23041,583,458,250
:16384
708,220542,223416,958,834,684125,1917,1833,167
:32768
500,88167,231458,375,500,164542,375,125,83
:65536
375,167834,463625,375,334,9167,334,83,125
:131072
333,371625,442292,375,500,5083,333,84,83
:262144
292,577375,674834,15334,15875,1027583,15959,5791,15000
:524288
167,1180834,1194708,625,459,740333,875,292,125
:1048576
83,2411250,2382584,1333,833,1365916,1292,333,250
:2097152
167,4297167,4252250,1167,958,5304000,1875,209,125
:4194304
125,8443541,6920458,6459,7000,9418834,667,208,6750
:8388608
125,29971375,13875125,500,1083,18690041,500,125,292
:16777216
42,41096375,25368708,333,917,59576167,250,167,167
:33554432
42,82744541,66254458,542,1000,128124334,417,458,84
:67108864
0,285756250,148872000,375,875,340207666,291,42,167
