@Enlazada doblemente sin cola
:1
31667,3875,3917,2500,2459,1375,2458,1584,333
:2
417,917,750,750,625,1250,917,584,250
:4
291,917,625,709,625,1125,834,584,208
:8
333,1000,708,708,625,959,708,542,250
:16
333,1250,958,792,625,1250,708,583,209
:32
292,1291,1042,709,542,3666,708,542,166
:64
334,1750,1542,750,583,6667,792,1417,209
:128
292,3084,2375,791,625,1791,708,583,208
:256
333,4583,3916,791,583,10541,1125,542,250
:512
375,8375,8041,584,625,5584,625,792,291
:1024
292,14958,14584,500,583,22917,583,292,250
:2048
333,28292,28750,583,584,7834,625,375,250
:4096
916,29166,27042,792,417,94500,583,250,250
:8192
334,53583,53917,250,292,16041,250,208,83
:16384
250,107042,106417,291,334,114458,292,125,209
:32768
375,84667,219375,375,417,32625,250,167,125
:65536
292,149208,157625,334,417,1259875,375,208,84
:131072
167,345250,296917,13416,13792,81209,14292,5500,14000
:262144
500,641416,575166,417,416,433875,500,125,167
:524288
375,1256459,1245125,417,417,909292,458,250,167
:1048576
83,2700959,1959667,6542,6833,2841166,292,167,6708
:2097152
250,6773458,3692000,292,875,196958,167,42,83
:4194304
0,8965542,7459833,250,958,8695292,417,83,208
:8388608
0,20661000,23307625,375,917,19678958,500,416,7750
:16777216
0,60110375,26263708,6875,7625,99735750,417,500,291
:33554432
42,98706625,65189833,7500,9041,103741042,500,417,6750
:67108864
84,213945375,128307417,333,1167,728958667,250,375,125
