@Enlazada doblemente sin cola
:1
32542,4291,3959,2500,2458,1458,2667,1583,250
:2
417,958,750,708,667,1292,792,584,208
:4
333,875,666,709,625,792,875,666,250
:8
375,1042,875,708,625,1875,792,583,209
:16
375,1125,917,750,625,1959,791,583,250
:32
333,1334,1042,708,583,2209,750,625,208
:64
333,1834,1500,750,625,5000,750,1458,250
:128
334,3000,2292,708,583,7208,750,541,209
:256
416,4333,3917,750,542,7583,1125,542,208
:512
333,8250,8000,542,583,16500,542,875,208
:1024
375,14792,14250,500,583,2542,584,333,250
:2048
334,27958,27792,500,625,22833,542,209,209
:4096
333,54333,54750,1041,542,205500,625,542,208
:8192
458,107208,109375,584,542,226500,1458,291,250
:16384
667,106917,105334,416,417,352792,333,208,84
:32768
208,79125,215208,250,292,82250,208,166,209
:65536
167,148958,149291,292,375,99875,291,167,166
:131072
417,319750,284708,583,500,213917,458,208,208
:262144
250,541292,574584,13500,13625,529334,14125,5459,13875
:524288
83,1182083,1123500,416,250,695209,500,125,83
:1048576
42,2529416,2242791,292,417,207042,500,167,83
:2097152
208,4524000,3375083,6125,6667,4168833,167,166,6084
:4194304
0,9088500,6515333,417,875,11682959,83,292,125
:8388608
125,20433250,21471083,250,875,3609375,292,333,166
:16777216
166,37776125,64969708,10916,9083,104257167,541,333,13000
:33554432
84,72772042,82555625,500,792,158862958,333,375,209
:67108864
41,293878875,270512417,541,1583,283325792,500,250,250
