@Enlazada doblemente sin cola
:1
21792,4750,5166,2709,2542,1542,2542,1708,333
:2
833,916,750,750,666,875,750,667,250
:4
375,917,750,792,583,833,792,625,250
:8
375,1042,750,750,667,1500,875,584,292
:16
334,1125,875,708,625,1500,708,542,250
:32
333,1250,1083,708,625,1333,709,542,208
:64
333,1791,1500,708,625,5209,708,1542,209
:128
334,3166,2250,750,625,9542,708,583,250
:256
292,4584,3875,750,625,8667,750,625,209
:512
333,8541,7875,667,583,14792,583,375,250
:1024
375,14667,14083,625,583,23584,625,417,250
:2048
333,27959,27709,583,625,4042,584,208,250
:4096
375,54250,54666,583,625,175417,875,1125,125
:8192
375,56292,55000,416,375,120292,500,250,250
:16384
250,109875,110416,375,333,335000,334,1125,167
:32768
333,86584,217875,334,250,101000,375,125,167
:65536
500,151458,150167,375,333,81459,375,208,209
:131072
834,346916,291792,542,333,3167,417,250,250
:262144
250,621125,639584,14667,14625,608417,15583,6208,15041
:524288
167,1225584,1224875,1000,250,404666,792,167,167
:1048576
125,2254250,2348083,583,250,597458,709,250,83
:2097152
83,5754167,5312334,11541,12208,1225583,458,458,11292
:4194304
42,8215416,7277084,375,958,3967458,416,166,83
:8388608
41,19636709,12997958,625,1167,17101042,541,208,42
:16777216
42,38037250,27517083,791,1083,21395416,250,459,125
:33554432
0,71588792,128203500,417,1292,95920334,375,208,291
:67108864
125,301813917,300762625,959,1333,606968916,333,500,84
