@Enlazada doblemente sin cola
:1
23250,3000,2042,1416,1292,1291,1583,833,84
:2
375,542,541,292,375,583,375,208,250
:4
250,375,417,292,333,542,333,292,125
:8
167,416,417,292,250,833,250,208,84
:16
166,500,459,292,250,1250,291,208,84
:32
166,584,500,292,208,875,250,209,125
:64
166,750,750,250,250,625,250,1000,125
:128
208,1625,1166,291,250,11500,333,208,125
:256
83,2166,1917,292,291,5083,375,208,83
:512
167,4208,3875,250,250,8917,292,625,125
:1024
167,7083,6875,166,292,8000,250,125,83
:2048
208,13584,13375,208,209,7459,250,125,83
:4096
167,26584,26500,208,583,52083,250,125,83
:8192
1625,112125,110334,3167,916,181708,834,1708,375
:16384
917,257625,255083,791,834,618292,834,208,666
:32768
958,87625,217458,542,542,132208,416,166,84
:65536
791,158708,156583,292,458,157875,333,125,166
:131072
667,330417,291250,459,459,126875,375,292,83
:262144
166,528042,629916,13750,13625,323500,14375,5584,13917
:524288
125,1039166,1082791,667,625,57250,666,83,84
:1048576
0,2073833,2688083,1708,875,2711292,2292,333,417
:2097152
209,4189958,3690875,6167,6875,5642250,208,125,6167
:4194304
42,8244042,6851458,542,917,12367875,417,416,83
:8388608
125,20354333,14757958,459,667,15494500,500,333,7083
:16777216
42,32397708,27503500,6375,6916,11089584,291,583,209
:33554432
250,72121250,67179417,500,1084,98903750,375,209,13750
:67108864
167,183996209,242675083,11292,12292,203821292,625,291,208
