@Enlazada doblemente sin cola
:1
31833,3917,3792,3333,2750,1666,2583,1583,250
:2
500,958,791,750,708,1167,833,709,208
:4
333,958,750,709,625,1458,791,542,167
:8
375,1041,792,667,584,1667,750,542,208
:16
333,1125,875,666,583,1917,750,500,250
:32
292,1333,1000,708,625,9167,708,584,208
:64
334,1792,1500,750,542,1625,708,1541,209
:128
334,3416,2375,792,625,1209,750,541,208
:256
333,4708,3791,708,583,5666,708,542,208
:512
333,8917,7875,583,583,16666,583,875,250
:1024
333,14459,14167,541,625,37500,541,333,250
:2048
292,27709,32500,542,625,11791,542,209,209
:4096
333,62750,63250,625,1250,102542,625,333,250
:8192
333,107042,107875,542,584,345167,2292,417,250
:16384
417,105500,105250,417,3459,320458,333,125,250
:32768
250,77125,216250,208,333,136292,208,84,208
:65536
166,148417,148500,291,333,171666,250,125,167
:131072
333,320125,285166,417,375,258333,292,83,125
:262144
83,519209,573708,13209,13334,113125,14084,5291,13750
:524288
84,1024625,1209167,375,250,1068083,583,250,167
:1048576
250,2064250,2410042,1250,458,1283458,1083,83,83
:2097152
208,4108625,4068541,6209,6792,2171750,3167,333,6292
:4194304
42,8704792,6892042,459,625,3375584,541,375,208
:8388608
83,16184958,14327208,917,1041,17905208,584,292,291
:16777216
42,37911333,33631792,6583,6750,80310125,542,375,6708
:33554432
42,76590709,133676375,542,1041,180274792,459,250,84
:67108864
0,188378000,133175250,584,1417,234491625,250,208,209
