@Enlazada doblemente sin cola
:1
33709,3625,3375,3208,2583,1417,2625,1625,333
:2
500,916,750,750,709,833,750,625,291
:4
334,916,708,708,625,1083,958,584,208
:8
334,1000,709,750,625,1042,750,583,250
:16
333,1084,916,708,625,1292,750,583,292
:32
333,1333,1041,708,625,2167,750,542,333
:64
333,1709,1459,708,667,21291,791,1500,209
:128
291,2917,2250,792,625,5584,750,583,250
:256
291,4459,3958,792,584,834,750,542,208
:512
334,8708,8000,583,583,13000,541,916,250
:1024
333,14500,14208,583,584,46500,542,250,250
:2048
291,27792,27959,541,625,50750,542,250,250
:4096
291,54500,55000,542,583,148000,625,417,209
:8192
333,107333,108541,541,625,290542,1458,250,250
:16384
417,213458,216292,583,625,93292,542,667,125
:32768
667,81875,215042,625,375,83834,333,125,84
:65536
292,147084,149291,292,375,109875,291,167,83
:131072
333,314416,283791,459,375,165625,333,125,209
:262144
292,518916,567750,13250,13333,498542,14167,5333,13709
:524288
334,1025208,1209083,584,333,550500,542,250,250
:1048576
250,2059209,2403250,542,292,646708,375,42,83
:2097152
125,4682167,3703042,6500,6792,4121708,334,83,6208
:4194304
0,8936625,8493916,375,667,22724625,250,208,167
:8388608
83,22440708,14058709,458,1041,30591084,583,416,125
:16777216
0,34739000,40022541,6416,6709,96019875,625,334,7333
:33554432
166,119569916,108793292,6708,7500,61309000,166,458,7500
:67108864
42,201946666,160838750,459,750,155429333,375,334,291
