@Enlazada doblemente sin cola
:1
35917,4917,4250,2500,2584,1375,2542,1625,291
:2
417,917,750,709,667,833,708,542,250
:4
292,916,708,708,625,1250,791,542,250
:8
291,1042,833,750,542,1041,791,583,250
:16
334,1125,959,792,666,2833,708,584,208
:32
333,1250,1125,709,584,1917,708,584,209
:64
292,1666,1583,750,583,3458,708,1375,250
:128
292,2875,2333,750,625,9125,750,541,208
:256
334,4500,3917,791,583,1500,708,958,250
:512
334,8959,8000,625,625,1292,625,250,250
:1024
334,14833,14292,625,625,40916,625,375,209
:2048
292,28000,27875,583,625,55083,666,417,250
:4096
375,54667,55458,625,583,165833,667,292,208
:8192
334,107916,108417,584,542,82917,583,250,208
:16384
709,109292,105583,500,375,350791,459,208,167
:32768
333,88250,218416,500,291,70250,375,166,84
:65536
667,153584,156375,375,375,109666,375,125,209
:131072
542,343541,289250,458,417,109291,541,208,250
:262144
292,562334,583000,13209,13125,228291,14083,5500,13500
:524288
209,1225792,1126459,333,459,222583,583,208,167
:1048576
41,2651583,2261667,417,167,1213459,959,0,125
:2097152
125,4570917,5381416,11250,12166,19337667,167,167,6583
:4194304
41,8936458,8525708,333,959,3510042,458,375,167
:8388608
208,18405625,14052959,333,1042,21354250,2917,542,167
:16777216
125,35686625,87367625,10625,11750,33515625,583,458,7125
:33554432
0,71722416,59724875,459,958,124052458,250,250,250
:67108864
0,207638459,245242333,375,1042,82268250,3666,334,167
