@Enlazada doblemente con cola
:1
33792,2791,4917,4541,2250,5750,1750,1209,166
:2
500,834,583,875,666,875,667,625,209
:4
375,750,542,833,667,1417,667,625,208
:8
417,792,541,792,625,2083,750,625,167
:16
750,333,708,1000,666,2166,791,709,167
:32
459,750,583,833,625,792,708,709,209
:64
375,750,583,583,417,6209,334,1208,83
:128
250,583,333,292,166,2000,292,250,41
:256
208,333,250,250,250,6125,208,250,42
:512
208,375,208,334,208,16084,417,292,42
:1024
333,1250,209,291,208,27375,542,375,209
:2048
333,166,333,250,167,24250,125,209,167
:4096
167,83,208,166,167,36084,167,125,41
:8192
291,83,291,167,166,100333,83,166,208
:16384
334,83,292,208,292,24542,83,125,42
:32768
292,83,167,250,209,491750,916,209,208
:65536
333,83,292,250,208,341333,83,167,42
:131072
708,166,458,417,333,1386750,333,250,167
:262144
250,5750,13625,5458,13750,889708,6166,5375,13875
:524288
166,291,917,208,458,828250,291,500,83
:1048576
83,209,24458,11959,20625,1110167,292,6917,83
:2097152
166,208,1375,625,250,376375,209,209,41
:4194304
0,333,2167,2125,583,16478208,208,458,250
:8388608
167,167,1041,2292,291,7462250,417,375,209
:16777216
41,208,1333,1250,291,52883750,500,125,0
:33554432
83,208,14042,7750,13084,125094584,209,83,84
:67108864
84,83,1000,1292,250,304740125,375,375,84
