@Enlazada doblemente con cola
:1
36791,2500,4125,4542,2375,5958,1750,1166,208
:2
500,792,625,875,625,875,708,625,208
:4
375,750,542,834,708,1750,708,708,208
:8
375,791,541,833,625,1875,708,625,167
:16
416,750,583,833,583,1125,708,625,208
:32
458,750,625,875,584,4792,666,667,167
:64
417,750,625,833,625,14417,750,1584,166
:128
375,1125,542,834,583,6458,750,584,167
:256
417,1000,750,875,709,9042,834,583,166
:512
500,291,375,417,250,11792,333,167,84
:1024
959,458,958,541,709,24542,375,333,208
:2048
667,292,625,500,625,14583,291,334,166
:4096
584,292,583,459,583,65583,292,375,167
:8192
666,291,667,459,625,319709,416,1625,167
:16384
583,750,625,417,583,575250,292,292,166
:32768
541,125,500,416,208,154542,167,125,83
:65536
292,83,333,166,167,59834,208,83,83
:131072
458,125,542,250,250,87791,167,41,41
:262144
542,9375,24916,9667,29792,116833,15375,11042,27208
:524288
292,208,1208,333,583,683125,500,125,125
:1048576
167,208,1166,167,292,1063292,292,166,250
:2097152
42,42,15667,7584,13458,7632625,41,8500,83
:4194304
0,208,1041,7583,250,5529583,167,250,125
:8388608
125,292,1166,1334,333,20042792,250,250,166
:16777216
41,41,1292,1208,291,46874250,292,250,167
:33554432
0,167,1291,8875,417,120002542,209,250,166
:67108864
41,208,1208,3250,291,49464292,250,375,209
