@Enlazada doblemente con cola
:1
39125,2583,4083,4042,2167,5792,1708,1250,209
:2
458,792,584,833,625,875,708,625,209
:4
417,750,541,875,667,1209,667,625,208
:8
417,1000,666,875,583,1250,708,625,166
:16
375,750,583,834,625,2417,709,625,208
:32
375,750,583,834,584,3792,709,625,166
:64
375,708,583,791,750,7584,750,2791,167
:128
333,1292,542,791,625,5000,750,584,167
:256
334,917,542,834,583,1833,667,542,167
:512
375,625,500,709,541,25541,917,292,208
:1024
292,333,666,458,583,37291,291,333,167
:2048
375,250,584,375,625,23417,375,291,208
:4096
333,375,625,375,625,104000,292,334,250
:8192
333,208,625,417,625,247250,250,1208,166
:16384
917,208,625,375,375,109625,125,208,125
:32768
250,125,291,250,208,413583,83,167,83
:65536
292,83,292,167,167,139291,83,167,125
:131072
1666,83,458,208,209,41500,125,83,42
:262144
292,5209,13083,5417,13167,420417,5250,5334,13500
:524288
250,125,500,125,291,1210125,125,125,83
:1048576
208,167,584,167,250,2611167,208,125,208
:2097152
125,125,13500,6667,12250,3498833,2333,5250,0
:4194304
41,167,2333,666,209,7901375,375,250,208
:8388608
166,167,2542,1083,292,32655250,292,250,333
:16777216
125,292,24542,12166,20375,22091000,375,250,167
:33554432
84,333,1291,834,417,120842917,292,167,209
:67108864
42,208,2084,708,291,269507250,458,500,84
