@Enlazada doblemente con cola
:1
38125,2209,4209,4292,2292,5667,1792,1209,167
:2
542,833,584,875,625,1292,709,667,209
:4
417,792,541,834,625,1584,708,666,250
:8
417,750,500,791,583,1167,750,625,167
:16
375,667,542,791,583,2792,709,667,167
:32
375,708,541,792,542,7375,708,625,208
:64
459,708,583,791,583,3625,708,1500,125
:128
375,1000,542,833,584,11208,750,667,167
:256
417,1000,500,1125,584,2167,542,542,167
:512
417,666,541,1042,542,4167,292,375,125
:1024
334,250,625,458,542,49167,250,375,292
:2048
792,167,292,250,208,29542,292,292,125
:4096
208,167,375,208,208,33416,125,209,208
:8192
666,1166,709,500,667,296542,250,958,167
:16384
416,250,625,458,542,116875,250,292,167
:32768
459,208,583,459,583,891500,208,416,333
:65536
709,167,583,375,208,164834,125,209,167
:131072
417,125,584,333,250,76208,208,125,42
:262144
375,5125,13000,5125,13042,250667,5250,5250,13375
:524288
250,208,708,84,208,1120500,209,125,208
:1048576
209,125,375,83,208,1950209,208,41,42
:2097152
208,84,13417,6667,12333,6962541,167,5916,83
:4194304
167,209,1375,3375,250,4955875,417,250,0
:8388608
167,125,1291,8083,333,34918583,584,500,167
:16777216
83,292,13625,7291,12250,13784542,375,375,125
:33554432
250,125,1334,1834,542,103464000,2958,4583,42
:67108864
41,84,14875,8083,13083,86499417,209,709,42
