@Enlazada doblemente con cola
:1
51291,2833,4916,4250,2417,6917,1709,1042,125
:2
666,500,500,334,250,625,208,209,83
:4
209,250,250,333,291,459,291,333,83
:8
167,292,209,250,208,666,291,333,42
:16
125,333,208,208,250,1208,291,208,83
:32
167,250,208,292,167,4500,208,209,83
:64
250,208,208,417,291,4250,167,708,83
:128
166,833,250,292,208,2584,208,208,83
:256
875,1084,750,958,708,6625,875,541,167
:512
375,500,667,584,583,20458,584,375,167
:1024
542,500,625,416,667,19042,292,375,125
:2048
583,458,708,709,667,28584,250,250,167
:4096
500,250,666,416,666,131375,333,417,209
:8192
667,209,500,375,333,132542,125,208,167
:16384
208,167,459,125,125,252959,125,167,292
:32768
625,208,417,250,334,133750,167,125,41
:65536
334,84,250,375,167,202250,125,166,167
:131072
875,292,750,500,334,151417,291,167,41
:262144
292,9625,29333,9708,31792,678333,10917,11209,26333
:524288
125,250,1625,208,500,1171666,458,666,375
:1048576
84,83,22084,11041,19958,4948625,166,5625,83
:2097152
209,83,1416,584,250,1464292,3458,83,250
:4194304
83,125,1375,1333,292,146625,166,42,125
:8388608
83,125,1292,8917,334,24959084,2708,458,125
:16777216
125,167,1292,1333,292,87428667,3042,542,250
:33554432
84,42,1416,2833,375,99823375,3208,458,250
:67108864
125,83,1042,3875,292,54569584,2667,500,83
