@Enlazada doblemente con cola
:1
33584,1875,3958,4583,2125,5375,1708,1375,250
:2
375,875,583,833,625,1167,708,625,167
:4
375,750,542,792,583,1458,666,667,209
:8
375,875,500,833,583,2000,792,625,166
:16
375,750,500,792,667,1792,709,625,208
:32
375,667,500,792,541,792,667,625,166
:64
375,709,708,792,666,1750,708,1542,208
:128
417,1041,542,791,625,14459,708,584,125
:256
375,875,542,833,583,14292,750,625,167
:512
458,1083,583,625,625,11208,833,333,167
:1024
375,375,583,459,625,7375,375,291,166
:2048
334,250,625,417,583,90958,291,458,167
:4096
584,334,750,417,583,102875,292,375,209
:8192
583,250,708,417,666,291917,250,2125,250
:16384
375,250,542,291,333,258042,125,209,208
:32768
250,125,333,209,250,81833,125,166,42
:65536
209,83,417,208,208,252250,83,167,208
:131072
375,84,541,333,292,121417,83,84,41
:262144
208,5125,12708,5084,13375,573625,5250,5125,13667
:524288
83,83,375,125,209,457208,166,167,83
:1048576
166,42,541,125,209,320458,125,167,83
:2097152
167,167,13709,6458,12083,5354417,208,6500,83
:4194304
0,292,1917,1875,583,19358959,208,166,41
:8388608
167,167,958,1542,292,18667667,500,500,41
:16777216
42,83,1250,2333,292,71975459,291,4625,125
:33554432
0,125,15500,7959,14375,3568042,459,250,0
:67108864
125,292,1250,875,250,106238833,3166,375,84
