@Enlazada doblemente con cola
:1
43250,2375,4417,4417,2375,6375,1750,1208,167
:2
500,833,584,834,583,1250,709,667,334
:4
416,792,584,834,625,1458,709,625,167
:8
458,750,542,875,583,1875,708,625,208
:16
375,834,500,834,583,1583,750,625,208
:32
375,750,542,791,583,2833,666,625,209
:64
375,750,542,750,541,2000,750,1625,166
:128
333,1166,500,792,583,5542,708,583,209
:256
333,916,459,833,583,12334,708,583,208
:512
375,1000,625,708,542,20959,917,375,209
:1024
334,334,583,375,583,47333,291,291,208
:2048
375,375,584,417,584,80417,333,291,166
:4096
875,208,625,416,208,55791,166,208,83
:8192
375,125,250,375,292,148792,209,208,125
:16384
250,166,375,208,208,38416,167,125,167
:32768
334,83,250,291,208,463458,84,166,125
:65536
292,125,250,167,208,94375,42,208,41
:131072
625,167,500,458,292,24917,208,42,41
:262144
208,5292,13208,5125,13333,294042,5292,5250,13667
:524288
125,250,458,166,375,943375,166,125,83
:1048576
125,208,792,167,208,383708,167,84,166
:2097152
166,125,14250,6959,12834,5720334,125,7583,209
:4194304
42,292,2000,2958,416,12251125,500,250,166
:8388608
292,84,1292,3084,292,1654167,375,125,84
:16777216
167,1708,1125,958,459,1309958,459,250,125
:33554432
42,42,14208,8125,12750,1573792,167,41,125
:67108864
83,167,1083,1083,250,419301750,4167,417,125
