@Enlazada doblemente con cola
:1
18917,2834,2542,2791,1292,3666,833,667,167
:2
584,333,333,334,292,416,208,209,83
:4
125,292,292,291,209,417,208,334,125
:8
125,250,250,291,209,666,250,375,208
:16
1125,2000,584,625,292,1167,292,375,41
:32
208,292,333,834,541,1208,500,292,84
:64
208,375,292,375,250,1625,250,750,84
:128
250,792,333,334,209,5625,292,250,167
:256
208,292,167,292,292,3583,541,292,84
:512
375,1125,416,416,250,10250,1250,417,83
:1024
209,333,375,250,250,17750,167,208,125
:2048
208,83,208,2042,1250,95791,791,583,208
:4096
375,125,416,375,334,96458,208,125,41
:8192
250,83,250,166,208,165500,2500,750,250
:16384
1125,208,791,542,791,263709,250,375,208
:32768
541,83,667,375,334,78000,167,166,41
:65536
667,125,542,375,292,84708,83,167,41
:131072
417,125,417,333,292,166292,333,209,166
:262144
167,5167,13167,5166,13459,338208,5500,5416,13500
:524288
84,208,583,250,208,16792,125,42,42
:1048576
83,84,417,42,208,126500,125,125,83
:2097152
125,291,1458,291,375,3643375,2375,375,83
:4194304
0,125,14208,7958,12916,11333541,500,11625,41
:8388608
166,83,1167,1291,333,5859250,458,334,125
:16777216
42,84,1500,1292,250,21011333,500,333,84
:33554432
208,84,1375,3959,375,23364834,333,375,166
:67108864
0,291,1375,1209,291,259179292,250,542,167
