@Enlazada doblemente con cola
:1
18709,1500,2292,2333,1250,3250,958,667,125
:2
250,417,375,375,167,417,250,209,42
:4
167,208,208,292,208,625,291,250,83
:8
84,250,208,250,167,667,208,209,208
:16
1583,2500,917,1167,709,3916,791,667,209
:32
417,792,542,875,625,6917,833,709,125
:64
333,750,542,917,584,4708,709,1500,167
:128
334,1250,500,917,584,5000,667,625,167
:256
333,917,500,917,584,13417,958,875,166
:512
375,750,584,1084,583,8625,333,291,209
:1024
334,375,583,375,584,12709,208,333,167
:2048
375,250,583,417,667,98667,209,334,417
:4096
417,416,541,416,584,86333,208,458,209
:8192
583,292,792,542,792,336166,1875,1750,417
:16384
1250,500,1166,750,875,306125,417,166,375
:32768
500,166,542,417,375,86625,84,167,42
:65536
375,208,292,250,209,38000,42,125,0
:131072
333,125,500,292,291,138875,167,125,41
:262144
125,5875,12917,5375,13917,656791,5458,5292,13625
:524288
208,375,1208,209,375,818834,84,125,125
:1048576
208,208,583,333,250,680333,166,41,84
:2097152
41,416,33750,13584,21583,6473042,291,6000,84
:4194304
83,41,1333,2500,250,12649917,209,250,250
:8388608
41,167,2042,3250,1791,29467250,417,417,250
:16777216
0,250,1291,1708,292,612750,125,208,167
:33554432
42,167,1458,2042,291,34142041,291,417,167
:67108864
0,208,1208,1208,334,744694167,3583,458,0
