@Enlazada doblemente con cola
:1
40917,2875,3041,3000,1333,4292,875,708,125
:2
458,417,417,333,250,667,292,250,42
:4
250,292,292,333,208,334,291,291,84
:8
166,250,167,250,167,666,209,291,125
:16
166,334,167,375,209,417,250,250,83
:32
166,208,209,333,166,1583,208,167,41
:64
167,250,292,375,208,3792,208,583,42
:128
208,667,250,250,167,6750,166,209,208
:256
166,417,209,250,125,4708,250,208,42
:512
83,167,166,292,125,5375,125,334,125
:1024
209,208,125,166,125,14500,1000,125,125
:2048
292,84,291,84,208,23125,41,167,166
:4096
250,84,166,208,208,15875,167,250,167
:8192
167,167,209,167,125,51958,208,209,125
:16384
208,42,208,208,167,152291,42,958,167
:32768
208,167,209,208,250,342167,83,250,125
:65536
167,41,166,125,125,11041,0,209,167
:131072
375,125,375,250,292,190833,125,125,125
:262144
83,5125,13083,5000,13584,561084,5209,5125,13500
:524288
208,250,750,125,250,469959,84,125,125
:1048576
84,167,583,250,250,607625,208,83,83
:2097152
250,84,13334,6458,11917,780666,1416,3916,0
:4194304
41,167,1125,1500,250,5668250,333,292,125
:8388608
41,208,959,3083,250,19316584,291,458,125
:16777216
0,125,1167,1292,250,14332250,250,209,208
:33554432
0,125,1208,1500,375,100258458,542,542,250
:67108864
167,167,1291,1541,292,146291083,500,333,125
