@Enlazada doblemente con cola
:1
36750,2042,4041,4750,2209,5375,1667,1208,166
:2
584,833,584,833,625,834,667,625,167
:4
375,750,542,834,583,1292,709,667,167
:8
416,792,541,792,583,1917,750,625,208
:16
375,709,542,792,583,875,750,583,166
:32
375,708,500,792,583,2750,750,708,166
:64
375,750,541,833,625,7625,750,1666,167
:128
375,1125,542,791,625,6750,709,625,167
:256
375,958,542,792,625,13792,1083,833,167
:512
417,625,625,500,583,16417,375,292,167
:1024
416,250,583,458,583,45625,333,334,167
:2048
416,292,625,459,625,84458,250,333,167
:4096
417,250,625,416,583,139334,333,334,208
:8192
667,333,833,542,666,110417,250,333,209
:16384
500,333,625,458,667,225084,209,375,209
:32768
792,167,541,417,250,445416,167,166,84
:65536
334,42,333,125,167,185708,125,208,125
:131072
417,166,500,375,250,238375,83,167,84
:262144
291,5041,13000,5125,13333,34209,5333,5166,13583
:524288
167,166,666,167,333,681334,125,83,209
:1048576
42,167,667,208,291,2245917,125,41,83
:2097152
166,166,13167,6375,11917,1473167,1166,4250,83
:4194304
125,125,1250,1750,250,3421791,250,208,41
:8388608
83,125,1209,2084,292,31260958,291,417,42
:16777216
125,42,14584,8583,13000,68456500,167,250,291
:33554432
0,167,1458,3583,250,55935625,250,667,125
:67108864
41,0,1250,1083,250,61392000,3834,250,42
