@Enlazada doblemente con cola
:1
19417,1834,2500,2292,1292,3500,1000,667,125
:2
250,541,375,375,209,542,250,250,125
:4
84,375,333,291,250,542,292,333,42
:8
125,250,250,250,167,500,292,333,83
:16
250,334,167,250,208,292,292,292,125
:32
167,291,166,250,167,1666,250,208,41
:64
125,250,250,291,209,1750,250,708,83
:128
166,500,292,375,250,9291,250,209,125
:256
209,417,250,291,291,2458,208,333,42
:512
125,500,292,416,166,13792,250,250,125
:1024
250,208,208,250,166,22542,958,375,83
:2048
208,83,334,208,250,10958,84,83,41
:4096
250,167,2041,1250,1042,66917,375,209,84
:8192
375,167,333,250,292,151417,42,209,166
:16384
250,84,333,208,250,423125,1084,541,208
:32768
625,84,625,333,250,109750,84,125,42
:65536
541,208,583,458,250,167583,125,292,41
:131072
250,5458,13333,5292,12958,146625,32375,5250,13667
:262144
250,333,792,291,333,354292,291,208,500
:524288
209,375,1792,292,333,121958,166,209,292
:1048576
208,291,1875,209,291,1842375,625,375,166
:2097152
83,83,14709,8334,13083,6179458,291,27958,167
:4194304
41,84,1000,3250,917,6118833,500,250,83
:8388608
167,250,1291,13083,375,26842458,208,459,250
:16777216
42,125,1250,3083,333,32509708,625,292,167
:33554432
41,208,25292,11916,21417,76269083,791,375,208
:67108864
0,167,1333,1292,250,39036750,542,375,125
