@Enlazada doblemente con cola
:1
41833,3291,5167,5292,2375,6500,1875,1250,250
:2
417,791,541,833,666,1333,708,667,208
:4
375,750,541,792,625,1625,667,584,167
:8
375,750,541,791,541,2042,708,625,167
:16
375,875,583,792,583,2209,666,667,209
:32
334,791,500,792,583,9833,708,625,167
:64
375,750,584,709,541,13833,708,1708,166
:128
333,1083,541,792,625,2250,750,625,125
:256
375,4792,625,625,334,6083,292,250,208
:512
625,417,333,292,209,5083,208,208,209
:1024
250,42,208,375,292,2000,167,84,42
:2048
250,125,166,167,166,6125,208,84,42
:4096
292,125,166,209,166,78666,209,208,208
:8192
291,83,250,250,208,38250,84,208,166
:16384
167,83,291,209,125,27208,41,125,84
:32768
167,250,209,209,166,221250,1083,208,0
:65536
542,83,209,209,125,183083,84,208,42
:131072
625,167,667,375,250,206791,208,167,83
:262144
167,5250,12792,5083,13500,1099542,6042,5500,14333
:524288
125,375,1000,375,291,1026375,41,250,83
:1048576
83,125,750,250,208,1462500,167,125,83
:2097152
125,125,12833,6458,12083,5210542,1584,5292,42
:4194304
125,125,959,2291,291,12119500,208,417,84
:8388608
167,3792,1042,1667,292,21511958,3625,417,83
:16777216
209,208,1250,1084,375,75295250,3250,4625,125
:33554432
0,83,17209,8500,15167,140521459,250,166,83
:67108864
42,167,1333,1375,333,423661792,292,250,84
