@Enlazada doblemente con cola
:1
42917,1833,2375,2500,1250,3250,1459,666,84
:2
417,333,334,291,167,542,209,208,125
:4
208,250,250,250,166,250,250,292,167
:8
167,250,167,250,166,875,209,208,125
:16
208,375,125,417,334,1167,209,167,84
:32
125,208,209,250,208,4833,250,208,42
:64
209,250,167,292,166,4125,333,666,83
:128
84,542,250,250,125,1625,208,167,42
:256
208,375,167,250,125,2000,167,167,42
:512
125,375,208,292,208,18583,417,250,41
:1024
250,500,209,291,500,917,792,209,42
:2048
208,125,333,250,208,32625,84,84,417
:4096
1208,750,1125,750,708,150708,250,292,167
:8192
625,250,584,417,584,191917,250,333,208
:16384
583,250,750,417,583,636042,416,41542,375
:32768
583,167,542,292,250,28375,166,125,84
:65536
167,42,250,166,208,212291,125,83,42
:131072
500,83,459,250,250,249583,125,417,167
:262144
209,5208,12667,5125,13125,719625,12208,11125,16000
:524288
291,125,1041,166,333,1204500,125,166,166
:1048576
0,83,13417,6500,12416,3855167,83,5583,83
:2097152
0,83,1000,625,250,811959,2291,83,125
:4194304
0,125,1458,2625,250,10056625,375,250,125
:8388608
208,125,1250,3375,292,30509208,375,583,250
:16777216
0,42,916,1292,250,5720042,417,375,167
:33554432
84,41,1542,3583,375,8457500,333,375,42
:67108864
41,167,1292,3375,375,103871625,3625,250,250
