@Enlazada doblemente con cola
:1
34875,2500,4083,4083,2125,5959,1792,1208,166
:2
500,792,625,833,666,1542,708,708,167
:4
375,750,542,875,666,1667,708,625,208
:8
375,792,583,792,541,875,667,583,167
:16
541,917,542,917,584,1166,666,625,208
:32
375,750,542,875,584,2833,708,583,208
:64
375,792,500,875,625,9833,750,1542,167
:128
375,1208,542,875,541,4750,708,625,167
:256
333,1041,500,1167,541,2209,542,542,166
:512
375,959,500,625,584,1750,1042,375,208
:1024
375,458,583,375,625,46875,250,333,208
:2048
417,292,583,417,667,74542,333,291,209
:4096
375,291,625,417,625,162708,291,334,208
:8192
500,250,667,416,666,342042,250,1125,209
:16384
875,250,667,292,416,238250,125,208,83
:32768
625,208,625,208,250,132500,125,125,166
:65536
709,41,334,208,166,133416,0,250,166
:131072
584,125,459,417,250,70542,209,125,41
:262144
250,6167,13500,5125,13667,224584,5333,5500,13958
:524288
167,167,791,84,250,602125,125,208,167
:1048576
208,208,792,250,209,1384833,250,42,83
:2097152
125,125,14417,7375,12708,6708917,208,6292,83
:4194304
41,334,1917,4166,500,4521958,291,208,0
:8388608
250,250,1000,2417,250,23205208,375,292,167
:16777216
42,167,1166,4667,292,14398417,333,333,208
:33554432
0,0,1292,833,334,34577208,292,417,125
:67108864
0,42,1083,1000,291,370595083,250,417,125
