@Enlazada doblemente con cola
:1
30750,2334,4333,4291,2167,5917,1791,1333,208
:2
375,833,583,834,625,875,709,625,167
:4
375,750,541,833,666,1250,792,625,167
:8
417,708,541,750,667,1083,667,584,166
:16
375,750,584,792,667,1834,708,625,250
:32
375,667,542,750,583,1875,708,625,208
:64
375,750,542,750,583,25917,750,1459,208
:128
375,1125,500,792,583,4209,667,625,167
:256
375,958,542,792,583,8292,958,542,208
:512
375,958,500,625,708,26167,834,333,167
:1024
375,333,542,417,625,1625,1084,208,125
:2048
750,125,500,250,250,43000,125,167,167
:4096
208,83,250,125,250,102625,166,166,125
:8192
208,83,291,250,250,47541,125,125,125
:16384
208,125,250,125,208,5709,42,41,42
:32768
208,208,291,166,208,82834,833,166,167
:65536
250,84,291,166,208,710417,167,209,83
:131072
542,167,416,250,250,516208,208,125,41
:262144
208,5250,12458,5042,12833,1097917,5292,5333,13125
:524288
292,167,333,208,250,1318875,125,292,42
:1048576
83,84,750,84,292,3725500,167,208,208
:2097152
41,42,13542,7208,12791,2830875,1833,5125,42
:4194304
125,83,1000,3500,292,13638959,167,250,83
:8388608
166,333,2125,3000,458,19327250,417,250,250
:16777216
250,167,1333,1458,333,95941292,166,2416,125
:33554432
42,125,15292,8250,13666,132519083,292,583,250
:67108864
42,334,2291,2167,792,211663667,333,583,42
