@Enlazada doblemente con cola
:1
23375,1333,2125,2541,1291,4375,917,666,125
:2
250,416,375,333,250,583,250,209,83
:4
209,292,250,334,292,625,375,208,83
:8
167,250,208,250,292,959,208,375,42
:16
250,292,208,375,209,583,250,167,41
:32
167,208,166,291,167,5417,208,250,125
:64
208,208,166,333,167,6500,208,667,42
:128
209,584,250,250,167,6292,250,333,209
:256
208,542,250,292,167,3917,208,208,84
:512
83,250,250,292,208,584,333,500,42
:1024
292,875,208,333,166,292,167,167,41
:2048
291,125,250,208,125,43375,166,167,125
:4096
167,84,333,208,291,54458,166,166,125
:8192
208,125,250,250,167,7500,209,125,41
:16384
167,84,250,167,167,46250,209,125,125
:32768
208,83,250,125,208,224459,666,167,125
:65536
208,83,291,209,250,296500,125,125,42
:131072
541,208,500,208,209,99625,208,84,83
:262144
166,5125,13333,5167,13625,581292,5291,5291,13583
:524288
125,292,542,125,250,2392166,125,250,84
:1048576
209,208,500,83,208,2750167,83,167,125
:2097152
42,166,13417,6708,12208,7044291,0,6500,83
:4194304
0,334,1834,1791,625,1696083,625,333,125
:8388608
167,42,1083,2000,291,2487958,209,250,250
:16777216
292,125,1459,1833,416,6548834,166,209,208
:33554432
0,125,14000,8333,12625,144542500,250,292,167
:67108864
83,250,1292,4000,292,225840541,458,292,125
