@Enlazada doblemente con cola
:1
38125,2625,4917,4500,2250,6208,1667,1250,208
:2
834,750,500,375,250,875,250,209,83
:4
208,292,333,291,375,708,292,291,83
:8
166,250,167,250,166,625,375,208,42
:16
166,250,208,250,250,500,250,208,41
:32
125,291,167,292,125,1667,208,250,84
:64
250,250,125,333,333,1708,250,917,83
:128
292,917,166,292,167,15958,167,333,83
:256
125,375,167,292,166,833,208,167,41
:512
125,375,208,334,167,15166,375,1417,208
:1024
250,208,250,250,167,11125,1375,375,83
:2048
208,250,250,125,167,34417,125,167,125
:4096
167,42,167,250,250,84417,209,208,208
:8192
167,84,250,333,292,132792,125,209,209
:16384
375,166,459,250,292,53667,167,209,125
:32768
334,1875,792,291,250,489042,166,250,125
:65536
292,83,583,250,209,191333,125,167,84
:131072
459,84,458,333,250,131375,166,83,167
:262144
166,5250,32250,10209,25791,373875,11334,10709,26792
:524288
2875,209,917,167,542,576000,166,125,208
:1048576
125,166,458,167,250,329125,125,0,84
:2097152
167,208,13041,6291,11958,356459,125,3583,125
:4194304
41,125,1333,2125,500,9493458,292,375,84
:8388608
125,292,1292,1958,292,35439917,125,375,84
:16777216
41,83,1250,1333,291,30326500,167,292,250
:33554432
0,167,1333,3500,333,122308167,375,584,291
:67108864
84,167,1125,1541,292,250092333,333,541,250
