@Enlazada doblemente con cola
:1
42250,2958,5208,4000,2458,6708,1791,1334,209
:2
542,875,625,834,625,1083,750,667,167
:4
375,792,542,833,666,1458,750,625,209
:8
417,791,666,833,584,2042,750,625,167
:16
416,791,542,875,625,875,750,667,166
:32
375,750,584,792,625,4542,708,667,166
:64
417,750,584,791,583,5541,667,1834,125
:128
416,1250,542,792,542,4709,708,625,167
:256
333,1000,500,833,583,16958,583,500,166
:512
333,5208,541,1125,584,15375,292,375,167
:1024
375,250,583,459,584,29167,250,375,167
:2048
333,250,542,417,709,10709,250,250,125
:4096
375,292,583,459,583,125625,292,625,208
:8192
583,292,667,458,666,228417,250,333,166
:16384
708,167,625,417,250,186375,83,125,167
:32768
208,83,250,208,125,64542,125,125,83
:65536
166,84,292,125,208,10250,125,41,42
:131072
291,0,458,166,208,174875,125,125,167
:262144
125,5250,13292,5167,13333,117459,5334,5208,13750
:524288
208,208,834,125,333,599083,208,125,83
:1048576
42,84,500,84,250,914334,83,417,84
:2097152
0,83,13875,7000,12458,6291625,125,7458,42
:4194304
292,291,2167,2125,542,10275208,375,41,0
:8388608
208,292,1334,1292,291,5605792,458,167,42
:16777216
83,42,1334,1709,250,56335250,542,292,125
:33554432
0,125,1333,1500,333,26138709,375,83,250
:67108864
42,208,1375,1041,250,51176667,542,250,125
