@Enlazada doblemente con cola
:1
36042,2958,5583,4291,2417,6666,1791,1208,208
:2
667,833,583,875,1834,1291,917,458,84
:4
459,250,417,375,250,958,416,333,83
:8
250,46084,959,1333,750,2375,750,625,167
:16
667,750,625,916,625,1667,709,625,208
:32
375,750,500,792,584,2375,959,666,167
:64
1875,1208,500,750,292,7000,292,1625,42
:128
292,834,333,291,167,3583,292,333,166
:256
208,458,291,250,250,2000,417,333,83
:512
209,667,292,375,208,12208,375,542,42
:1024
333,458,292,250,250,5250,250,250,209
:2048
250,250,334,208,208,10875,125,125,209
:4096
208,125,250,167,166,28458,125,209,208
:8192
375,83,292,250,208,209083,209,209,42
:16384
667,250,625,541,333,351084,1667,750,125
:32768
250,125,292,250,208,119000,125,83,42
:65536
166,42,292,208,209,36458,41,42,0
:131072
334,84,583,250,333,186500,250,125,250
:262144
208,5000,13250,5292,13750,395167,5375,5375,14083
:524288
125,83,959,42,292,1017209,125,208,83
:1048576
209,125,916,208,292,2358166,2417,291,208
:2097152
125,42,13042,6458,11791,627083,1375,3542,84
:4194304
84,292,2000,3458,542,11054833,375,292,83
:8388608
41,291,2167,4958,459,46327667,667,500,209
:16777216
250,209,13750,7833,11875,51805166,3375,375,83
:33554432
41,41,13916,8000,12625,367835417,417,292,83
:67108864
42,42,1417,3459,250,389651084,2667,333,167
