@Enlazada simplemente sin cola
:1
20708,2209,2625,1458,1042,917,1417,833,125
:2
333,500,541,292,292,542,459,250,83
:4
125,334,459,250,208,291,417,292,41
:8
125,375,584,250,208,417,333,209,83
:16
166,417,875,209,167,916,459,166,167
:32
167,542,834,208,167,2000,625,250,375
:64
166,708,1625,250,208,1083,458,833,250
:128
83,1417,2375,334,250,5709,916,209,666
:256
125,2084,4208,375,166,2250,1292,166,1375
:512
291,4541,8917,292,292,2041,1000,625,750
:1024
84,6708,16541,209,208,25791,10667,125,8583
:2048
83,13083,31292,167,208,4333,1791,125,1875
:4096
167,26666,63833,166,125,19917,7166,125,7209
:8192
292,52875,131292,250,125,63000,26625,125,25625
:16384
417,103500,250417,292,208,217458,89666,0,48750
:32768
334,90959,286375,250,292,104417,43208,125,10292
:65536
250,171750,299625,416,209,284083,533917,167,122250
:131072
83,267542,578125,14500,5375,24959,38375,333,22000
:262144
125,523750,1141084,833,292,277875,303500,208,261542
:524288
458,1045875,2259542,834,166,551167,522459,375,514334
:1048576
250,2086084,4384459,917,291,456542,425875,250,428125
:2097152
42,4087708,9509416,8000,3208,3024292,1154916,250,1811375
:4194304
42,8217791,19105292,1250,125,1178958,549459,41,566417
:8388608
42,21980292,38333875,917,250,17029000,7253792,334,6539750
:16777216
208,32236708,80047125,917,3541,27389750,11776333,167,9930625
:33554432
83,69346959,185722709,7541,2542,120692917,37635292,334,87216333
:67108864
41,142037250,373849750,792,250,203359792,47697209,458,59482417
