@Enlazada simplemente sin cola
:1
20375,1500,2750,1291,1125,958,1459,959,125
:2
333,417,583,333,208,333,334,209,84
:4
125,334,458,208,250,375,375,208,167
:8
166,417,417,166,167,667,416,166,125
:16
167,666,625,208,125,584,333,167,125
:32
125,417,833,208,166,416,209,208,84
:64
84,666,1250,334,250,2584,625,750,458
:128
250,1667,2417,291,167,10709,1417,167,1041
:256
167,2625,4375,666,375,2250,1083,208,667
:512
208,4209,8791,333,209,3917,1458,167,1667
:1024
209,7083,16375,167,208,25834,9500,666,9000
:2048
125,13375,32500,167,125,57875,18583,167,18125
:4096
250,26875,64584,125,125,63875,26500,125,25791
:8192
166,52875,127458,833,209,5167,2667,125,1959
:16384
167,104917,257292,250,166,32250,11542,83,11250
:32768
84,78417,373208,166,208,645833,267125,250,61833
:65536
125,164625,313500,250,333,65708,126042,41,37625
:131072
41,279125,564000,13792,5750,207500,809959,83,186333
:262144
166,523209,1156542,542,83,227666,253333,250,205500
:524288
250,1040250,2227209,834,167,430417,476875,167,402459
:1048576
0,2090541,4492500,958,292,78875,89167,84,68000
:2097152
125,4079125,9450834,7167,2792,4549042,1602333,83,1674125
:4194304
42,8183333,21253084,875,250,6175584,2273750,167,2436209
:8388608
167,16161333,40602541,1041,250,14887334,8329625,292,4568333
:16777216
250,32311209,89283875,7375,625,59093875,26391208,292,24559500
:33554432
166,76559958,284402666,875,3959,45423625,7758125,208,7765416
:67108864
42,206027459,672848292,7875,917,84996042,16123625,416,20368417
