@Enlazada simplemente sin cola
:1
42625,3959,5708,2916,3042,1541,2542,1750,208
:2
584,917,1042,792,500,1167,958,542,166
:4
334,875,1000,708,417,1084,959,625,292
:8
458,1125,1000,709,458,792,791,542,208
:16
458,1042,1333,666,625,2000,1125,541,333
:32
333,1291,1792,708,458,4166,1375,584,792
:64
292,1750,2750,792,500,4667,1625,1459,833
:128
417,3291,4583,750,625,3583,1958,500,750
:256
291,5750,8083,875,750,6292,3250,1209,2083
:512
334,8750,16208,583,458,22875,8875,209,7333
:1024
375,15083,31500,584,459,19167,8792,333,7208
:2048
375,28667,61750,584,500,45167,18250,375,15750
:4096
917,57500,122500,583,500,104458,48459,500,42375
:8192
666,54875,128084,375,292,138541,57375,2041,57083
:16384
166,106541,263125,375,208,199667,82708,125,19500
:32768
125,84666,289667,417,250,127333,251750,167,71500
:65536
292,151250,275708,416,250,147833,526000,125,118250
:131072
292,266667,557833,17041,5250,176375,189416,208,160583
:262144
208,513542,1121375,583,83,382334,392958,209,347500
:524288
84,1028584,2219709,625,333,289084,296541,166,266166
:1048576
42,2065250,4428541,750,250,2244750,2101666,250,2116459
:2097152
84,4114333,9525708,7500,2791,6319709,2461625,167,2422542
:4194304
42,8094125,18866709,1209,375,14925833,3972709,333,3785583
:8388608
0,16972584,42626917,1500,250,12277000,3997292,417,3948000
:16777216
167,35864375,90166959,8167,958,45210042,20615167,250,26576250
:33554432
167,71478042,151103250,1083,2083,106776791,41984125,209,31631250
:67108864
208,137715542,353323459,8000,792,193597375,70070583,416,59115583
