@Enlazada simplemente sin cola
:1
15625,1916,2458,1458,1042,792,1291,792,125
:2
209,417,625,250,333,583,500,208,42
:4
166,459,500,250,291,292,291,208,42
:8
167,458,541,208,250,834,583,209,125
:16
166,458,584,250,209,791,417,208,84
:32
166,500,875,208,208,1292,417,167,208
:64
125,667,1333,209,166,2083,583,542,333
:128
292,1292,2375,334,333,1292,458,167,208
:256
208,2041,4291,208,167,12417,2166,208,2000
:512
208,4083,8500,292,208,3709,1667,375,1250
:1024
250,7250,16292,334,208,27542,10500,375,9625
:2048
208,13875,32458,167,209,45667,16292,208,15916
:4096
333,26583,64042,209,208,41666,17208,84,17000
:8192
167,52875,128208,375,209,1042,625,208,334
:16384
208,105375,255458,292,166,204875,85000,708,43917
:32768
417,80000,878833,1750,958,563875,583750,666,288166
:65536
709,237791,432250,1042,667,63042,379333,333,59500
:131072
2125,269666,557583,500,292,121875,1009292,583,174709
:262144
625,3862584,1203125,14166,5292,159542,188250,208,144333
:524288
125,1123542,3502500,750,125,622375,645625,209,585833
:1048576
83,2417208,4957083,7459,2959,1005041,485167,42,462125
:2097152
209,4605125,10003584,833,250,2535958,1051416,0,1314708
:4194304
83,10014500,22355417,917,291,1345500,568084,0,524584
:8388608
125,17861042,37604042,792,209,30491917,9353125,291,9907500
:16777216
209,41695834,100409542,7667,875,53610333,12419250,250,15316583
:33554432
167,78925834,291949958,833,3083,1673667,648833,42,673750
:67108864
83,222780250,635660833,7625,917,24879000,9354459,250,8612917
