@Enlazada simplemente sin cola
:1
20167,2334,3167,1625,1292,750,1250,833,166
:2
166,375,583,250,333,583,500,208,83
:4
83,333,416,250,167,375,417,250,166
:8
125,333,541,333,250,375,292,166,42
:16
167,500,583,291,125,708,333,167,125
:32
167,458,833,208,125,1083,375,167,166
:64
167,750,1334,333,83,3917,750,500,500
:128
83,1292,2208,208,125,6917,1250,250,1084
:256
84,2083,4875,209,125,4542,1917,625,1541
:512
250,4292,9125,292,125,2209,1042,125,667
:1024
167,7333,16667,209,208,18000,6625,209,6375
:2048
166,13375,32708,125,125,50125,15667,83,15541
:4096
125,27042,64541,292,83,82583,34125,125,33417
:8192
250,54750,130167,208,84,48750,21625,250,19959
:16384
209,107708,257542,250,167,112375,46875,167,12958
:32768
208,89042,305500,250,250,147375,61458,167,14542
:65536
667,157209,341500,334,291,194834,368166,208,81833
:131072
167,294125,565792,14208,5500,267416,305500,250,246333
:262144
166,546875,1150375,1167,208,565458,632708,250,531167
:524288
42,1050083,2234250,1000,209,442292,425167,291,413791
:1048576
0,2074417,4426500,584,125,2057542,1933458,209,1933375
:2097152
41,4091209,11413625,7625,3208,6857208,2692791,292,2723417
:4194304
125,8116791,18792250,916,250,1160333,667375,83,675167
:8388608
125,16386375,37689750,917,166,13060417,5258375,208,4355916
:16777216
83,32347292,78440167,7791,1167,91084875,19085625,375,19025625
:33554432
125,72286083,243576833,917,2291,77306167,12872333,541,20463750
:67108864
83,261711459,562352667,8833,5084,13591625,4153875,250,4046625
