@Enlazada simplemente sin cola
:1
50792,3916,5875,2792,2500,2208,2542,1459,209
:2
583,875,875,875,541,1208,958,500,209
:4
292,916,917,709,459,1125,959,542,208
:8
333,958,1042,750,416,2125,1250,500,334
:16
333,1625,1334,750,500,3208,1375,625,458
:32
791,1666,1208,417,292,2916,792,250,334
:64
209,750,1458,292,208,625,458,1041,167
:128
250,1292,2292,292,166,4458,958,167,792
:256
167,2042,4334,250,167,583,541,167,166
:512
167,4208,9083,334,208,791,666,417,292
:1024
166,7208,16208,209,125,22458,7875,1000,7250
:2048
250,13667,32084,250,125,7292,3125,250,2584
:4096
84,26750,64000,583,125,75541,23583,292,23125
:8192
208,54792,130333,291,208,53833,22250,167,21875
:16384
208,108208,270209,333,167,242292,101208,1042,25667
:32768
292,89417,293625,250,208,53209,60959,209,14458
:65536
750,157542,351333,750,333,204625,386166,250,85584
:131072
250,290208,559209,13667,5709,98250,114250,167,87375
:262144
208,542500,1645875,1625,375,594958,641542,8417,371125
:524288
84,1648917,2232708,1000,125,1132375,1031833,250,1063958
:1048576
209,2184792,4804916,7084,2792,1003375,405750,41,451958
:2097152
41,5436500,12109959,1083,167,8209583,1999750,166,2246167
:4194304
42,8101083,18888125,1084,208,8155417,2860625,125,2988000
:8388608
42,17403791,39169417,1000,167,6153167,2070292,84,2327083
:16777216
42,32450167,77501208,7666,750,25720209,9077333,458,7722375
:33554432
250,71285875,152204917,1000,3958,123002250,51603875,208,53376625
:67108864
208,146636917,426226083,7209,834,217598166,61717458,500,62095125
