@Enlazada simplemente sin cola
:1
17750,1750,2292,1500,1125,833,1292,916,41
:2
1042,1375,1333,1042,541,1458,1167,541,250
:4
416,959,1000,667,500,1209,1000,708,500
:8
500,958,1125,750,459,1334,959,500,292
:16
500,1083,1500,750,458,1792,1000,500,292
:32
333,1416,1875,708,458,1625,1000,500,292
:64
292,2000,2958,792,625,15000,1458,1667,583
:128
292,3208,4542,750,500,3917,1750,500,708
:256
459,4958,8459,708,667,13166,5375,458,4042
:512
542,8750,16916,584,542,16583,6500,1166,5250
:1024
333,14500,31708,583,458,1375,1125,333,583
:2048
333,27666,62125,583,583,40041,16708,291,14167
:4096
417,54875,122792,541,458,42417,20042,333,17041
:8192
458,109084,246959,708,666,274167,129125,1292,115250
:16384
1166,213250,380500,833,375,187208,77958,208,18208
:32768
375,81208,290834,333,167,111209,219333,167,59667
:65536
333,149625,277959,375,334,102459,344500,1542,123834
:131072
167,265458,566291,13625,5458,88958,349667,125,79500
:262144
250,515917,1127625,584,166,330833,345375,83,305125
:524288
83,1122792,2219750,625,250,1108334,2600375,166,1038917
:1048576
167,2449792,7799666,2000,250,1897250,2033625,125,1207292
:2097152
42,4543750,10903583,7375,3291,160708,84000,0,94041
:4194304
84,12056333,21208291,1250,375,658167,333709,333,223583
:8388608
167,18184666,37721792,875,250,18004125,5415166,291,5599167
:16777216
208,35970000,124896958,7167,833,21558334,5496417,333,9569292
:33554432
125,73443750,255693875,834,1917,262016084,54656875,375,100756334
:67108864
83,187924625,337343083,7791,2417,89467834,40336500,333,30847000
