@Enlazada simplemente sin cola
:1
13625,1334,2250,1209,1042,833,1375,833,125
:2
208,500,584,292,333,459,375,208,84
:4
167,333,458,250,208,375,459,166,208
:8
166,417,458,250,208,875,458,208,167
:16
167,542,709,250,250,459,333,209,41
:32
125,500,833,250,125,2125,625,208,333
:64
250,666,1667,542,291,2042,667,709,333
:128
209,1417,2375,750,459,3292,1500,208,1000
:256
292,2125,4292,417,250,3084,1417,625,1084
:512
166,4208,8625,250,250,6875,2500,375,2166
:1024
125,6958,16500,208,208,26542,9584,125,9084
:2048
125,13584,32417,208,250,17209,7042,125,6167
:4096
292,26917,65209,250,250,45500,18625,125,18250
:8192
208,52500,127166,208,250,79666,33000,166,32667
:16384
292,104750,254167,292,208,152667,63375,84,16958
:32768
208,83084,295042,291,208,204792,160792,125,44792
:65536
250,144417,275792,334,250,142834,431958,167,98125
:131072
83,281083,552417,13792,5416,79958,94875,167,71958
:262144
167,551042,1115625,333,166,541125,565708,125,508041
:524288
42,1171833,2392750,541,250,1031000,986500,125,1142000
:1048576
42,2410917,4944708,1333,209,797042,749791,125,724208
:2097152
42,4474917,9446000,7167,3041,6095167,3560875,83,2769834
:4194304
83,9324750,18956458,917,208,14292334,4273833,167,4936291
:8388608
42,19054959,37719125,875,250,13277500,3958125,84,4734083
:16777216
208,37807041,141940625,7375,875,4330959,1411542,83,1376584
:33554432
167,74346250,302218708,917,3041,15886667,6097583,250,10859666
:67108864
167,157446250,336517292,7667,1083,30252875,23372750,42,8202625
