@Enlazada simplemente sin cola
:1
14250,1500,2458,1417,1208,833,1584,916,125
:2
208,458,542,291,334,542,500,208,125
:4
167,334,375,250,250,250,333,209,42
:8
167,333,417,250,208,833,500,167,83
:16
208,417,583,208,166,291,209,167,42
:32
125,500,792,208,167,666,458,250,125
:64
125,709,1292,209,125,625,334,584,125
:128
250,1583,2250,250,250,6917,917,250,667
:256
166,2167,4250,250,125,4250,1666,208,1333
:512
84,4167,8500,292,208,2125,666,209,375
:1024
167,7709,16625,250,166,15792,5500,83,5666
:2048
83,13708,32375,166,167,25459,9459,41,9042
:4096
125,26750,64500,208,167,53167,22375,41,21667
:8192
333,55458,128500,333,250,182292,76125,1042,75417
:16384
166,105708,261750,334,250,156541,64709,83,15208
:32768
333,80583,293333,291,125,101625,199500,167,54667
:65536
500,148333,279209,292,334,164667,524125,208,119416
:131072
250,283000,561542,13750,5417,286958,303792,208,265458
:262144
83,529792,1136334,583,250,292000,307875,42,271917
:524288
83,1059084,2245000,833,166,1011125,1017583,125,931541
:1048576
42,2080250,4806875,7041,2916,2873375,1335250,83,1231541
:2097152
41,4081416,9441125,875,292,5347458,2157833,250,2236833
:4194304
208,8084375,18739417,1000,250,8631250,3152792,250,3192000
:8388608
84,17243083,37527375,1000,291,16449000,7293125,166,4942250
:16777216
167,32374000,91261375,750,3834,153799125,59236416,292,16307625
:33554432
42,72217959,246429458,7459,3708,50458375,29373208,333,10723334
:67108864
84,162833958,305333000,7666,875,131566459,39136417,334,62108458
