@Enlazada simplemente sin cola
:1
36042,3792,5250,3083,2250,1750,2958,1667,167
:2
542,917,916,792,541,1125,875,500,167
:4
500,875,1000,667,459,1458,1083,792,333
:8
583,958,1167,792,458,1500,958,500,250
:16
375,1125,1375,708,500,1083,792,500,208
:32
334,1334,1833,667,458,2500,1125,500,375
:64
292,1834,1792,542,250,15542,959,917,458
:128
542,1500,2375,1875,875,5125,2416,459,1000
:256
542,6291,8500,625,750,7542,3833,375,2541
:512
584,9375,16250,583,500,16166,6375,1083,5042
:1024
583,15333,31834,458,416,26042,12083,667,9875
:2048
417,28875,61584,500,625,6917,3375,292,2458
:4096
500,56125,122042,500,417,192583,71750,333,63750
:8192
875,122375,246167,709,500,270875,124167,1417,112625
:16384
833,218917,484208,875,1791,55167,26417,208,5541
:32768
625,93292,393041,500,250,199959,80708,250,18667
:65536
250,169291,295375,250,208,23959,48583,166,11291
:131072
250,264750,553291,250,208,202625,817250,167,183375
:262144
209,523666,1112459,14500,5375,82834,112625,250,75459
:524288
208,1031000,2229958,1167,208,443417,754375,167,411917
:1048576
292,2069792,4443500,916,166,338250,326042,167,311583
:2097152
208,4099625,9468500,7333,3250,1598625,755084,42,725167
:4194304
83,9211833,19078750,875,209,6931209,4795625,125,3043709
:8388608
166,16264875,37802000,917,208,16293125,5462500,333,5286250
:16777216
209,33580792,94657709,7375,2250,16520916,6042042,291,5156167
:33554432
42,82516833,171562500,1250,2958,247040833,42445334,500,102151125
:67108864
125,168601541,578685625,7375,2583,507049000,79667375,416,90967625
