@Enlazada simplemente sin cola
:1
17042,1833,2750,1500,1375,917,1417,1000,83
:2
250,417,666,250,500,667,583,208,125
:4
125,417,583,250,250,334,292,208,41
:8
166,417,541,208,208,916,583,208,167
:16
167,458,625,250,208,666,459,292,83
:32
83,459,792,208,208,1959,667,208,291
:64
208,709,1417,375,208,4166,875,916,750
:128
167,1458,2500,292,250,2167,625,209,458
:256
291,2042,4334,250,167,3334,1375,208,1250
:512
625,6792,9000,292,291,8583,3208,541,2834
:1024
292,8209,17000,375,250,10583,3583,209,3167
:2048
167,13459,32917,250,333,41833,16292,83,14583
:4096
416,26709,64167,167,292,90958,37666,125,36916
:8192
250,53959,128042,334,208,42583,18250,125,17292
:16384
292,106042,260958,375,250,148334,61833,250,17167
:32768
500,91334,304292,542,166,148459,60709,125,14625
:65536
750,154042,333166,667,333,136166,249416,208,54458
:131072
292,296042,559083,13959,5500,118625,357667,333,82958
:262144
83,526583,1145084,1083,125,419750,410709,83,382375
:524288
83,1044083,2313792,1166,541,835541,842792,125,718250
:1048576
125,2103041,4701167,1375,250,813917,902625,458,983167
:2097152
166,4100958,9619083,7458,3000,542959,352375,125,263666
:4194304
167,8251875,31098417,917,250,4115208,994833,250,973334
:8388608
42,16697875,38657625,1042,333,26919500,9871125,542,13660041
:16777216
125,41491000,77995125,1083,3667,13700292,4423541,459,4638042
:33554432
42,69469875,150379542,8083,3125,61506792,20210542,83,18484000
:67108864
42,204532125,376346000,1167,3916,93307334,26612625,291,32691375
