@Enlazada simplemente sin cola
:1
16042,1917,2708,1375,1209,625,1417,834,125
:2
208,458,583,334,292,542,500,167,83
:4
166,417,459,292,250,250,417,292,42
:8
167,417,458,208,166,417,292,209,84
:16
208,500,792,250,250,458,417,209,83
:32
125,541,833,208,208,708,459,209,84
:64
166,708,1667,250,167,5459,917,917,583
:128
208,1500,2333,417,333,2250,750,167,542
:256
167,2042,4250,333,208,2542,1167,167,1375
:512
208,4250,8500,208,208,1292,750,542,542
:1024
83,6750,18167,167,209,18875,8250,125,6208
:2048
84,13083,31292,208,250,14167,5583,84,5125
:4096
125,26625,63708,125,208,63208,25083,84,23375
:8192
208,53292,127666,625,291,2167,1084,42,791
:16384
167,105208,392792,791,292,179708,76125,250,74458
:32768
750,91500,290750,292,250,427459,177292,2000,41458
:65536
459,158750,297750,791,333,131458,424458,209,93417
:131072
166,266125,574875,14333,5583,253167,274792,167,234250
:262144
208,529417,1133291,792,375,323125,340083,209,299125
:524288
208,5242459,6130667,1375,208,398333,513541,209,950166
:1048576
125,2349583,7038084,9208,3250,6190500,1271167,209,1250417
:2097152
125,5093583,10167041,833,292,7167250,3147708,83,2755958
:4194304
84,9203000,19745583,791,334,324875,144750,42,148541
:8388608
42,21522542,38678500,750,458,113404625,8202667,209,9123125
:16777216
84,33700291,75418791,750,3833,58800792,13137917,375,12515250
:33554432
166,72538125,166796125,7292,2958,4328917,657583,292,758208
:67108864
167,141520041,616684667,7584,917,205881666,65516458,458,56796125
