@Enlazada simplemente sin cola
:1
13833,1375,2167,1250,1084,667,1417,833,166
:2
250,542,583,333,291,667,542,208,125
:4
167,375,458,292,250,542,417,375,167
:8
208,375,500,250,208,666,375,208,208
:16
208,458,834,250,209,541,416,208,125
:32
292,458,792,209,208,625,375,209,125
:64
167,708,1708,208,125,16917,1042,709,375
:128
250,1500,2458,291,250,625,500,250,125
:256
208,2000,4292,542,167,3250,1667,208,459
:512
209,5083,9000,334,250,27125,4250,500,3917
:1024
167,7208,16666,208,250,8250,3084,125,2833
:2048
166,13458,32250,125,209,46584,15125,125,14750
:4096
1000,29292,72958,375,292,89833,36708,291,35542
:8192
250,53667,128667,1042,334,127667,53042,1041,52458
:16384
208,105000,260583,417,250,365250,147958,42,41125
:32768
416,81666,307541,417,250,69000,108167,167,22417
:65536
334,162625,279666,417,291,120167,502834,83,106750
:131072
83,280250,563584,13875,5375,52792,69459,125,48459
:262144
542,553208,1135500,541,416,371250,382500,666,350458
:524288
292,1195042,2336000,875,708,741958,831708,292,700583
:1048576
42,2453167,4786000,7167,2833,2501500,948500,83,1016459
:2097152
41,4361250,9281750,709,167,2984792,1169750,166,1154167
:4194304
42,9618625,18928625,792,250,6896292,2599542,125,2499625
:8388608
84,17472542,36963375,959,167,25588583,9587833,166,8536000
:16777216
208,33873000,81569000,7833,666,35882625,9384875,0,12064208
:33554432
250,72840458,152912917,958,3875,138738042,60698000,209,64538917
:67108864
125,186752917,306284416,8167,2333,56008125,19148750,292,20467750
