@Enlazada simplemente sin cola
:1
17541,2167,2959,1458,1000,875,1500,875,125
:2
250,459,583,292,291,292,333,208,83
:4
167,334,500,292,250,500,541,209,125
:8
125,375,500,250,166,417,291,209,83
:16
208,458,750,291,250,417,375,208,83
:32
167,459,958,250,166,1083,458,208,208
:64
167,833,1417,375,167,9125,750,625,625
:128
167,1375,2250,333,250,2916,1000,166,875
:256
167,2042,4417,250,291,4541,2041,1208,1542
:512
625,7000,9333,250,250,13333,4583,583,4708
:1024
167,7000,16708,250,208,19084,7125,83,6750
:2048
125,13459,32542,166,167,30875,11041,167,10667
:4096
250,30042,64416,125,125,45292,19125,125,18417
:8192
375,54792,129292,208,166,120208,50542,292,49417
:16384
375,108500,267792,500,458,151416,62250,167,14708
:32768
625,89916,290500,334,333,85000,141375,208,32500
:65536
709,178083,285459,458,333,124959,382125,292,83333
:131072
250,270834,579416,14333,5416,205250,237875,250,188333
:262144
417,515208,1129125,791,292,168042,176042,167,149500
:524288
542,1039750,2400750,708,416,638500,591625,334,613750
:1048576
125,2133417,4789125,8125,3000,192250,83500,0,101750
:2097152
125,4114625,9644250,916,292,4028000,1882833,334,1870125
:4194304
83,8061666,18752708,959,167,2212875,970500,83,966584
:8388608
125,16558041,37984041,917,250,22944709,7531166,166,10026250
:16777216
83,36465625,105392000,958,3875,35687917,13762667,417,17819958
:33554432
250,76526250,153709541,7916,2750,114544833,34990792,500,139826500
:67108864
0,249262208,349654375,8459,3125,201206042,57875292,333,49695208
