@Enlazada simplemente sin cola
:1
16458,5167,7167,6958,6500,2250,4541,1792,292
:2
1125,1250,1167,792,583,1458,1042,542,208
:4
458,1000,1000,750,500,1667,1791,542,458
:8
500,1417,1250,792,625,2375,1375,500,292
:16
834,1500,1625,833,666,2833,1333,542,416
:32
500,1542,1708,667,500,16000,1375,583,416
:64
291,1833,2542,750,417,2958,1375,1792,500
:128
375,3292,4500,709,625,8084,4458,250,1250
:256
500,2167,5250,292,250,4792,2834,333,1542
:512
208,4208,9208,167,250,6584,2500,667,2292
:1024
125,7041,20167,208,208,23875,8708,125,8333
:2048
167,13542,32625,167,208,42583,14959,166,14500
:4096
83,26708,64167,208,125,76584,32292,125,31208
:8192
208,53250,128458,292,208,54792,22375,250,21917
:16384
208,105250,254875,208,208,132916,55208,125,19416
:32768
167,87291,288542,375,166,111709,44167,167,10708
:65536
416,168375,309167,375,209,51167,89708,83,34834
:131072
625,265500,558750,250,208,1062875,381792,250,45250
:262144
250,529125,1120875,14583,5875,435417,1588167,250,461666
:524288
167,1030875,2249167,1500,209,963958,881000,417,908792
:1048576
0,2072583,4450375,916,292,532125,514959,83,503417
:2097152
42,4693541,9853875,8167,3292,5095667,1899167,250,1996541
:4194304
125,8133792,19924833,1000,166,14229542,4901917,416,5493125
:8388608
0,16096958,37556750,1000,4792,14396291,2511542,417,2526208
:16777216
42,40640333,77215541,7292,2417,34882834,7014542,292,9103834
:33554432
166,70631667,195834083,792,3250,61300542,30879959,292,22256625
:67108864
125,141325666,319222000,8000,3250,38542792,12800708,458,11765542
