@Enlazada simplemente sin cola
:1
15458,1417,2125,1500,1416,625,1250,833,125
:2
292,709,542,291,291,584,417,209,83
:4
209,375,375,292,209,541,583,167,84
:8
250,459,500,250,250,500,333,167,125
:16
166,542,792,250,250,500,417,167,41
:32
167,458,750,250,209,958,458,167,166
:64
167,666,1209,250,125,583,333,542,84
:128
250,1375,2459,250,250,2625,584,208,375
:256
166,1959,4209,292,166,14083,2291,250,1834
:512
292,5167,8875,292,375,5083,1833,458,1584
:1024
333,7166,16625,250,250,15666,5459,83,5041
:2048
167,13041,29959,125,292,61542,17125,292,15625
:4096
292,27875,62125,208,208,53083,20667,125,20125
:8192
167,52625,127167,167,250,69209,28583,125,28041
:16384
125,104625,253959,292,3541,165667,70584,166,21834
:32768
208,79375,289250,333,167,70209,119416,209,27167
:65536
416,152834,290375,417,292,158167,563500,167,143084
:131072
42,267375,560791,13625,5416,102791,113583,83,91125
:262144
83,552000,1128208,625,250,361125,375625,125,334916
:524288
208,1200250,2245792,875,125,928708,930958,41,849250
:1048576
0,2632958,4856000,6916,2958,1500334,617625,84,667125
:2097152
83,4494333,9532875,708,166,4570834,1669791,208,1427334
:4194304
42,9174875,19265125,792,250,7527542,2885708,166,3732000
:8388608
125,19778000,36751125,875,500,24609709,6627125,166,7506333
:16777216
167,33433667,82548291,834,3917,11299708,3494709,166,3904500
:33554432
250,70891500,168241584,8041,3167,60880375,28227709,333,20240250
:67108864
166,749890250,321990709,8458,2583,185632708,54245292,292,53281000
