@Enlazada simplemente sin cola
:1
13291,1625,2416,1458,1167,542,1292,833,125
:2
375,459,542,250,250,625,500,208,83
:4
167,333,375,208,208,500,542,208,83
:8
84,459,458,250,209,834,417,166,125
:16
250,541,708,333,208,1125,583,209,333
:32
250,542,916,250,208,1708,417,167,209
:64
125,667,1417,334,166,1250,500,542,209
:128
208,1375,2375,375,291,2917,1333,208,792
:256
208,2042,4250,375,125,6125,2417,250,2166
:512
500,6042,9291,375,333,708,500,625,83
:1024
208,7125,16417,250,208,19625,7375,41,7042
:2048
125,13542,32083,250,42,64708,28500,166,16250
:4096
375,31334,64042,291,292,48083,15500,83,14541
:8192
209,52583,127333,708,250,170708,70875,458,71125
:16384
208,103875,263500,291,375,193875,86542,125,18708
:32768
250,78167,285750,334,167,89250,180375,208,41791
:65536
292,153042,305792,375,375,65875,125542,292,38291
:131072
292,272625,560458,13625,5500,9125,24708,208,7833
:262144
208,671292,1142292,958,250,292167,617416,125,272584
:524288
250,1083917,2233667,4792,167,656500,676167,83,612292
:1048576
125,2725375,4902375,1500,250,1013042,995625,209,920583
:2097152
167,4586334,9515250,7333,3375,1886041,784458,83,789834
:4194304
41,9317750,19418583,791,167,1980583,886708,83,2654375
:8388608
83,19824083,36784958,834,167,3622084,1147834,0,1081667
:16777216
83,35985959,141511042,7500,916,27422833,4509583,166,4194500
:33554432
250,72467833,169911917,958,3333,81370042,20153541,292,22419250
:67108864
209,235453250,327475875,7667,875,6889750,2327334,125,2143375
