@Enlazada simplemente sin cola
:1
37375,4125,7500,3208,2708,1875,2750,1667,208
:2
833,959,916,833,500,1333,959,500,250
:4
375,958,958,709,459,1583,1125,667,292
:8
334,1041,1209,708,458,833,1583,583,208
:16
417,1208,1459,750,458,1833,1041,500,459
:32
625,875,1125,292,291,1083,2083,791,500
:64
667,2125,2875,791,584,7334,1875,2250,834
:128
291,3209,4625,791,500,2708,1375,542,458
:256
333,4625,8500,708,458,10625,2500,500,1417
:512
458,9709,17208,1083,458,3625,1875,458,750
:1024
625,15625,47000,625,500,18042,7667,500,5916
:2048
792,28250,63083,542,458,76792,12666,417,9750
:4096
542,93041,125875,625,500,121458,45750,375,40667
:8192
708,109042,247375,625,500,91458,43833,500,38042
:16384
792,220417,548709,1042,375,286625,123167,209,33875
:32768
1375,148875,606000,1292,1000,206750,333250,708,48542
:65536
833,158917,324334,458,666,84791,177917,83,40917
:131072
542,276250,572042,542,209,115250,488292,41,101041
:262144
125,563791,1169000,14459,5625,299625,318625,125,278459
:524288
167,1104750,5809916,1916,583,435000,413208,459,289083
:1048576
0,2456833,4909042,1541,375,1316417,1465500,458,1189291
:2097152
167,4121708,9757708,7833,3209,2008500,931334,167,1072500
:4194304
83,12197250,18954208,5333,208,10288500,4006959,42,2911541
:8388608
209,17950083,38361459,834,84,10849667,3481167,416,5283833
:16777216
208,34539958,94507542,7209,750,5117459,1740667,167,1864333
:33554432
83,72946166,162320958,875,2667,15779250,4735208,84,6652542
:67108864
83,157411875,464981083,7083,792,158339250,53910208,375,70917125
