@Enlazada simplemente sin cola
:1
14125,1625,2167,1417,1208,875,1291,833,125
:2
250,458,625,333,292,375,333,208,83
:4
167,375,417,292,292,583,625,250,83
:8
166,375,500,292,208,584,458,250,125
:16
208,542,791,333,250,667,458,209,125
:32
208,500,791,208,167,1875,542,209,292
:64
167,708,1292,250,167,417,333,666,125
:128
167,1833,2750,333,209,11958,1125,209,875
:256
125,2083,4250,333,166,6875,2542,500,2292
:512
208,4292,8792,1042,167,11125,4250,250,4292
:1024
167,7000,16458,292,250,21958,8208,208,8167
:2048
250,13708,32292,250,208,22875,8458,125,8083
:4096
167,26666,68000,250,208,82292,34125,166,33625
:8192
541,54375,128833,541,292,60542,25250,1083,25208
:16384
208,105041,253584,375,250,222500,92208,125,28083
:32768
167,81667,284833,292,250,52625,100375,125,23375
:65536
417,165084,303833,541,292,68125,104917,125,50750
:131072
209,266750,568458,14458,5500,191417,745667,209,173833
:262144
84,550250,1127000,1083,208,91459,106292,83,79583
:524288
83,1177500,2258375,666,167,832291,816167,208,765833
:1048576
41,2789167,4754667,917,84,1717292,1605250,417,1676708
:2097152
125,4591416,9348000,7667,3125,2705875,1267083,250,1071958
:4194304
84,9507041,18898833,792,250,7431875,2828541,250,11531000
:8388608
83,18304334,36639334,833,208,24562666,7375041,167,8428000
:16777216
250,33481125,85981625,7750,958,54661875,22685625,125,27715375
:33554432
291,72171125,169437583,1083,2417,131760208,52850333,4417,50028000
:67108864
125,172176958,318112083,14542,1667,48642291,15259958,417,13320333
