@Enlazada simplemente sin cola
:1
22125,2250,3208,1458,1083,958,1417,875,83
:2
250,417,542,209,292,541,459,208,83
:4
83,291,375,209,166,208,291,250,125
:8
125,459,375,250,208,625,416,208,83
:16
125,542,625,291,250,1000,375,209,167
:32
167,583,791,250,167,8333,542,292,458
:64
125,750,1334,292,125,1916,542,791,292
:128
166,1583,2209,250,166,2125,666,250,625
:256
125,1959,4208,208,250,6333,2500,333,2334
:512
166,4500,8708,291,167,8125,3000,167,2666
:1024
250,7000,16375,250,125,6792,2667,41,2417
:2048
167,13625,32209,209,125,32417,11917,167,11791
:4096
250,27041,63916,250,125,33750,16000,291,13500
:8192
542,52875,127292,250,292,27000,11500,1166,10792
:16384
375,104667,254042,250,250,331333,137208,83,35041
:32768
333,81417,282291,250,250,19542,33708,125,7916
:65536
250,158375,299125,333,334,264458,499625,292,111709
:131072
209,266500,560166,13875,5459,83792,110416,208,74667
:262144
0,652292,1132833,1250,250,51958,71250,125,44916
:524288
167,1246666,2276417,1333,333,460125,451417,208,435583
:1048576
250,2467583,4479625,3583,208,477625,468792,292,445375
:2097152
166,4574208,9494000,7542,2875,562958,271125,0,302375
:4194304
41,9125834,21813625,833,208,12766292,3939125,166,3887584
:8388608
42,23587375,37732750,958,2667,24609042,3187125,83,1219000
:16777216
83,37974292,76719083,8541,3041,36747834,15094667,167,12452167
:33554432
209,90110542,352531833,875,3791,168559708,23628583,333,46626792
:67108864
250,138935333,403037083,14333,4208,360381250,80743708,333,187043833
