@Enlazada simplemente con cola
:1
12500,4208,8000,3167,2417,7333,2791,2000,291
:2
291,500,792,333,333,834,375,250,83
:4
208,208,458,208,208,250,334,250,42
:8
166,250,375,209,167,709,709,208,125
:16
125,208,542,250,292,542,375,208,125
:32
166,250,583,250,209,291,291,208,83
:64
166,250,916,208,208,3333,708,666,583
:128
250,542,1500,292,291,7292,1334,209,1125
:256
208,375,2541,208,209,10667,2084,250,1791
:512
583,209,5208,542,292,8667,3042,167,2750
:1024
209,0,9958,250,250,6375,2959,250,2333
:2048
250,125,19459,334,292,15583,5958,166,5458
:4096
208,125,37875,250,209,99500,34666,250,34042
:8192
250,125,75208,333,292,122417,50833,209,50541
:16384
167,83,153667,250,291,154542,63917,250,14709
:32768
167,84,77083,250,208,133416,265542,166,79375
:65536
250,83,142334,375,208,147709,522125,500,110375
:131072
83,5208,433208,14417,5500,53708,71666,14000,45375
:262144
84,375,549917,625,84,547417,556042,542,508250
:524288
250,125,1124083,2875,500,1089291,1370375,4209,696500
:1048576
167,42,2161833,1542,291,1245500,1281791,1750,1154375
:2097152
166,83,4256125,4125,2917,2792833,1217292,209,2387708
:4194304
41,125,8500208,333,208,12973250,4127625,375,4287584
:8388608
167,125,16753291,208,166,8757208,2923291,292,2769958
:16777216
83,167,36986208,542,292,37045125,19227125,375,35335958
:33554432
166,83,88357250,500,333,173087541,42566666,500,39432750
:67108864
41,208,164391333,458,125,391655792,183672375,375,52204416
