@Enlazada simplemente con cola
:1
35791,3125,4750,8333,2541,5833,2375,1584,208
:2
333,750,875,709,542,1417,1084,625,250
:4
333,750,792,750,458,1375,1041,583,250
:8
333,708,875,709,459,1833,1125,584,333
:16
333,666,1084,666,500,1042,834,500,250
:32
334,667,1291,625,459,3083,1542,583,583
:64
334,667,2041,542,375,3667,792,709,209
:128
958,500,1500,250,292,1292,583,208,209
:256
250,333,2625,208,208,10208,1959,500,2333
:512
458,1542,10583,917,500,1750,1083,458,542
:1024
292,459,18375,542,500,8666,3791,500,3584
:2048
416,250,35291,458,500,6875,3333,375,2458
:4096
333,166,68875,584,458,157042,60083,500,55250
:8192
333,208,136292,500,417,264667,120875,458,109250
:16384
500,250,295250,541,500,611625,292000,500,65583
:32768
541,250,164083,542,375,284917,368375,625,77417
:65536
542,166,135916,333,292,67250,137417,250,29666
:131072
458,83,268542,500,250,91542,353333,291,82084
:262144
209,5208,559209,13125,5209,391542,413166,14083,368459
:524288
125,41,1189666,542,208,148667,162000,333,133000
:1048576
83,125,2825000,1375,292,652417,658417,833,599625
:2097152
250,83,4690666,3583,2958,1742042,797125,167,809375
:4194304
0,250,10033666,417,291,14152000,5432875,208,3883666
:8388608
167,209,18067542,417,167,28619792,8485541,250,8850250
:16777216
125,83,34791791,458,209,51590834,23311208,292,21551625
:33554432
208,84,75528042,500,167,71700042,25993667,375,53530625
:67108864
166,0,196197125,459,125,596650042,107643125,375,121762875
