@Enlazada simplemente con cola
:1
32417,3208,4875,2833,2417,5417,2208,1667,250
:2
583,792,875,750,583,833,791,542,250
:4
334,708,875,750,500,1375,1167,500,291
:8
333,792,1000,708,500,1250,958,458,292
:16
375,709,1125,666,500,2375,1333,625,375
:32
375,666,1416,709,500,1334,917,500,250
:64
333,750,1958,750,458,1875,1083,1333,416
:128
292,1042,3166,750,458,17667,3417,2167,1333
:256
333,458,2625,208,209,6333,2625,542,2167
:512
167,1667,5542,333,167,1000,791,250,375
:1024
167,208,9750,250,208,12709,4375,291,4167
:2048
166,250,19458,1042,167,58167,18666,167,17500
:4096
208,125,38209,208,125,66042,23375,167,22500
:8192
208,125,75875,291,291,117541,48791,1292,52834
:16384
167,167,156708,250,250,139750,57583,292,14417
:32768
375,125,82125,500,208,53375,101167,291,23209
:65536
250,209,193875,333,250,163083,331541,250,76666
:131072
250,125,273541,334,250,146541,567542,166,128792
:262144
250,5209,537125,13584,5125,559250,582167,15000,524291
:524288
125,291,1074417,667,208,612875,636667,500,576750
:1048576
0,209,2149750,541,250,1344791,1362250,2083,1254417
:2097152
84,125,4249875,3667,2833,1978584,854750,83,918375
:4194304
0,84,9741792,416,334,9746000,1107875,125,999500
:8388608
83,292,19801083,416,167,18260417,5430125,292,6341084
:16777216
166,42,44699875,375,167,63935459,25625500,375,16715958
:33554432
42,0,92319125,500,417,76005500,29093291,167,14254958
:67108864
250,292,932588916,625,875,65427292,111626000,83,9804458
