@Enlazada simplemente con cola
:1
34875,3125,4792,2500,2334,5167,2250,1833,292
:2
417,708,875,750,625,1167,1000,458,250
:4
333,709,917,708,500,792,667,458,208
:8
333,750,917,625,458,791,625,459,250
:16
333,667,1125,666,459,2459,1375,458,416
:32
375,708,1333,708,458,2542,1250,500,417
:64
375,708,1958,708,458,2000,1000,1291,333
:128
333,1042,3166,708,416,20292,3250,459,2083
:256
333,916,5125,1125,459,3292,2166,416,1000
:512
334,541,9208,875,416,6667,3292,375,2292
:1024
333,208,18291,459,417,18458,7959,375,7125
:2048
333,292,35084,459,500,78083,28666,459,30459
:4096
292,250,69708,542,458,108667,50125,416,46000
:8192
583,250,136333,541,459,297959,136917,458,128792
:16384
459,166,277750,459,583,359125,169000,1417,20000
:32768
708,125,83750,250,292,117125,214500,208,49708
:65536
167,42,181875,292,208,73750,169416,250,39083
:131072
292,41,273458,375,208,179250,202291,333,157083
:262144
208,5042,563375,13375,5292,27875,53416,14000,25625
:524288
84,208,1217250,625,125,897709,849875,1042,839042
:1048576
83,167,2672083,1083,167,1431583,1331375,1167,1318334
:2097152
42,125,6272500,3791,3125,590917,287000,42,268750
:4194304
83,42,9772708,375,375,3307959,1129792,208,1203083
:8388608
84,208,19840625,250,84,13128709,5184625,292,3861417
:16777216
250,84,41004083,375,166,17324000,6723500,125,7211708
:33554432
42,250,78636292,416,125,72169542,45872375,459,21599250
:67108864
0,42,216321916,500,83,356763625,242975542,291,162354833
