@Enlazada simplemente con cola
:1
38375,4000,5625,2833,2209,6833,2291,1792,250
:2
500,791,959,667,541,1250,1041,625,333
:4
750,834,958,791,500,1708,1125,708,375
:8
500,750,1000,750,458,1375,1083,542,333
:16
416,708,1208,708,458,2208,1083,500,375
:32
334,750,1542,709,458,3666,1458,625,708
:64
291,709,1959,667,542,2750,1416,1750,541
:128
1125,1958,2417,417,375,4166,1500,292,1125
:256
791,3250,6000,583,708,11583,5042,583,3958
:512
375,1833,10791,583,500,19834,13625,458,7875
:1024
458,209,18583,625,458,37459,16167,500,13834
:2048
333,458,35459,459,458,12250,5375,417,4375
:4096
375,417,69166,500,500,14916,7917,500,5791
:8192
625,250,138041,2250,542,259250,121042,625,110041
:16384
917,291,271667,625,500,180500,84208,625,32209
:32768
875,625,159709,1250,833,86292,41125,916,9791
:65536
542,84,206500,583,250,248416,443791,292,98833
:131072
166,5250,276750,13209,5208,599417,320958,14541,269708
:262144
250,41,538792,375,125,202917,365000,250,173250
:524288
208,125,1081000,583,83,296208,278209,333,272583
:1048576
125,42,2175792,958,41,180583,167625,417,158834
:2097152
167,0,4269208,3875,2958,2350625,954708,41,999875
:4194304
167,167,10299000,291,208,2405542,821959,125,898791
:8388608
125,42,20354250,417,167,16092209,4417042,209,4519375
:16777216
42,125,35028500,250,208,50168333,14997250,333,20748708
:33554432
208,333,103722666,333,83,5972125,1908875,292,1740625
:67108864
125,83,152201125,250,292,162183666,23185833,250,24106291
