@Enlazada simplemente con cola
:1
35125,3833,5625,2708,2333,5750,2375,1667,250
:2
375,792,875,750,542,1250,1042,583,250
:4
333,709,834,667,458,1375,1000,458,208
:8
333,750,917,709,500,1292,875,458,333
:16
333,750,1167,750,500,1500,1000,459,291
:32
333,709,1458,708,459,3208,1208,458,500
:64
334,667,2083,709,458,3083,1125,1417,417
:128
334,1166,3000,750,458,16750,3291,666,1917
:256
292,750,5083,792,458,7417,3458,500,2416
:512
666,666,9250,542,417,9500,3875,375,2958
:1024
292,250,18084,458,459,14417,6042,375,5500
:2048
334,250,34458,542,500,10625,4416,375,3417
:4096
250,250,67875,542,417,47750,19500,416,16792
:8192
250,250,134291,583,458,181792,84042,1208,74917
:16384
292,250,266875,500,459,557167,256000,541,64792
:32768
375,208,135750,584,416,293250,533833,2292,66250
:65536
750,167,143125,375,209,139542,440750,334,91750
:131072
333,5292,275625,13208,5208,163625,181583,13792,145875
:262144
166,83,534709,667,125,180500,190291,417,156500
:524288
125,166,1064084,584,125,185875,194125,417,163958
:1048576
167,83,2141792,584,41,2262208,2273292,792,2107000
:2097152
41,167,4265834,3708,3000,836167,368625,208,383041
:4194304
83,125,8396042,209,333,13080541,6068250,208,5690166
:8388608
83,83,16769166,334,500,24341333,8312458,458,8129084
:16777216
208,84,34378542,417,208,13041458,4662667,209,4764500
:33554432
125,83,80013208,375,208,35020417,13725375,167,14793667
:67108864
41,166,146135583,416,208,176733667,41816416,542,88758792
