@Enlazada simplemente con cola
:1
34166,4042,5209,2750,2542,5500,2458,2917,125
:2
416,417,542,292,209,416,375,208,41
:4
125,250,459,209,167,416,542,250,167
:8
167,291,417,250,208,541,625,333,125
:16
167,333,459,292,250,1000,458,208,167
:32
83,209,500,250,209,1667,583,208,208
:64
209,334,833,250,250,3333,709,584,417
:128
292,625,1458,250,166,6083,1250,167,1083
:256
250,458,3250,375,167,5459,2084,167,1792
:512
83,209,5458,209,125,1125,791,334,416
:1024
167,1084,9834,292,166,25875,9167,333,8708
:2048
209,42,19625,208,166,50125,17041,250,16708
:4096
167,209,38583,250,250,5875,2375,125,2042
:8192
166,250,75750,250,250,148958,61750,250,61916
:16384
375,125,158250,209,375,319417,136292,292,44959
:32768
250,125,73041,250,167,56000,104209,167,23916
:65536
208,208,202917,291,292,69084,175084,333,40541
:131072
375,208,275500,667,250,222917,872458,250,203375
:262144
458,13917,842375,25083,9708,626917,826500,34500,479000
:524288
0,83,1073666,1375,167,1072167,1152708,1125,1005792
:1048576
0,208,2171500,542,167,2199583,2126000,1000,2080916
:2097152
166,42,4260458,3750,2708,5206542,2851666,42,1984625
:4194304
42,166,8410542,333,167,4037208,2050667,125,1482250
:8388608
209,209,18230208,250,292,10566584,4828917,42,3187000
:16777216
0,167,80761459,500,791,46048875,14121625,125,14047292
:33554432
0,83,75432125,417,292,133965833,45963583,250,56595041
:67108864
209,125,210967584,667,792,4873083,1614208,167,1785875
