@Enlazada simplemente con cola
:1
24459,1792,3208,1584,1167,4167,1208,958,208
:2
292,417,542,292,292,625,583,291,125
:4
208,250,334,250,250,291,375,208,83
:8
167,250,375,209,166,542,375,250,125
:16
167,166,667,375,125,1209,542,209,250
:32
167,209,542,166,167,542,333,208,750
:64
875,917,2833,833,542,3542,1792,1666,584
:128
417,1250,3500,750,500,17417,3417,625,2167
:256
500,1041,5459,834,500,10750,5750,417,3625
:512
1708,1041,10584,625,625,17209,7375,416,6667
:1024
375,334,18792,541,584,20000,9125,375,7250
:2048
333,250,35292,500,458,68791,25458,375,22959
:4096
333,250,73333,541,417,3666,1792,375,1125
:8192
625,208,137084,583,500,257792,120667,459,119416
:16384
500,208,271667,500,541,27333,13500,417,14500
:32768
2083,250,90958,625,292,218875,90291,250,21583
:65536
250,83,190917,250,125,23875,41125,292,9375
:131072
167,41,272125,583,250,273833,515291,291,114958
:262144
167,5125,570792,19000,5167,196833,211041,14333,176708
:524288
84,208,1337583,708,208,291000,311583,375,268542
:1048576
125,42,2801458,833,42,2319625,1980833,1833,1826500
:2097152
209,41,5439750,4125,3042,7736208,2743458,167,2729541
:4194304
83,83,9572208,167,125,15501458,4915000,250,5440834
:8388608
125,166,20004584,625,208,30292084,10688625,292,12527208
:16777216
0,375,39579083,500,208,56341042,18190625,208,18189667
:33554432
167,84,117358375,459,166,122890333,29777500,167,54903542
:67108864
166,84,162943209,583,292,186454000,42727292,84,20334958
