@Enlazada simplemente con cola
:1
14166,1667,2542,1375,1042,2667,1250,917,166
:2
250,333,541,292,291,334,375,250,83
:4
209,208,458,250,250,584,541,250,125
:8
125,208,375,250,209,250,250,209,41
:16
208,292,542,250,167,1333,667,209,208
:32
167,291,583,250,167,5500,708,250,291
:64
167,250,875,250,208,1542,583,500,334
:128
209,500,1542,291,209,2375,1000,209,666
:256
166,375,2667,375,167,2459,1083,250,834
:512
84,250,4833,541,167,12583,4541,167,4541
:1024
209,41,9792,208,125,1709,791,125,625
:2048
167,125,19416,208,167,47209,16750,125,16167
:4096
166,83,37833,208,208,21083,8667,166,8083
:8192
125,84,75375,250,167,176041,73291,208,72292
:16384
167,167,154417,333,209,100500,41416,166,11958
:32768
167,84,79000,250,167,108041,172083,167,40000
:65536
208,125,161500,250,250,87792,160250,209,51334
:131072
458,83,273708,458,250,56875,220584,250,49750
:262144
167,5375,539042,13292,5292,156750,174583,14083,142000
:524288
125,83,1072084,459,208,518083,539792,458,733959
:1048576
167,84,2161208,1250,208,1799083,1817500,2709,1673125
:2097152
83,166,5251334,3750,2750,4393042,1547667,417,1604041
:4194304
125,84,10592833,375,166,8458292,3007041,167,3159583
:8388608
375,208,16767459,417,417,3521459,1187333,167,1225625
:16777216
166,83,108607500,458,750,60221584,24633958,666,45680667
:33554432
41,125,81013375,958,500,63747458,19600583,584,17170208
:67108864
83,208,564801375,1542,1625,311845792,92581458,250,65410959
