@Enlazada simplemente con cola
:1
31459,2625,4041,2625,2250,5500,2459,1708,333
:2
584,708,875,792,541,834,750,542,209
:4
291,708,875,750,458,1541,1125,541,292
:8
334,834,1000,667,500,1709,1167,584,334
:16
334,750,1167,750,500,1333,875,500,250
:32
333,750,1333,667,458,2416,1333,750,166
:64
459,250,1041,333,208,3041,709,667,333
:128
208,417,1458,250,125,10250,1291,166,1083
:256
125,375,2583,334,166,2083,708,166,667
:512
166,334,5083,459,167,12209,4417,375,4000
:1024
209,1291,9875,333,458,7083,2666,125,2417
:2048
167,250,19250,209,208,9291,4083,208,3333
:4096
166,208,38083,250,166,44375,11709,291,11542
:8192
209,84,75833,250,209,155209,60625,208,60459
:16384
167,41,151291,333,208,237625,99125,250,26583
:32768
208,41,80083,208,166,86875,170167,292,39333
:65536
250,83,178459,250,208,111959,383500,375,87500
:131072
333,42,273792,375,292,277542,1056958,291,247541
:262144
167,5250,541208,13292,5334,363542,386750,14042,337709
:524288
292,42,1076625,791,166,465250,477834,333,433375
:1048576
42,125,2162625,792,250,331667,342042,458,309042
:2097152
0,125,4552000,3958,2958,5488667,1758459,250,1754583
:4194304
83,125,9476667,250,83,9995166,3326541,125,3195125
:8388608
250,125,18373250,459,167,20545917,7132291,208,5780542
:16777216
0,417,34960375,500,209,859375,223083,42,241917
:33554432
41,42,104738625,417,250,48023667,11959875,375,11871334
:67108864
0,125,145835666,584,208,392998209,68355542,250,119930958
