@Enlazada simplemente con cola
:1
35166,3750,5333,2542,2291,5834,2458,1708,292
:2
458,792,833,667,500,792,792,500,292
:4
292,875,834,666,458,1125,1458,500,250
:8
375,792,1000,709,458,833,750,583,208
:16
375,750,1208,708,458,1417,1084,542,291
:32
333,709,1459,708,500,3917,1583,541,666
:64
333,792,1833,750,417,3917,1500,1542,625
:128
333,1209,2875,708,416,13708,3041,500,1875
:256
334,917,5083,1042,458,6375,3334,417,2042
:512
291,959,9000,541,416,8542,3875,417,3000
:1024
375,250,18167,500,458,35208,12666,333,7125
:2048
625,125,19375,334,250,8000,3084,167,5000
:4096
583,375,68625,625,500,62000,24500,458,21917
:8192
416,291,134417,500,500,242500,112584,458,99583
:16384
834,209,267500,666,542,71708,33709,458,32042
:32768
500,167,146875,542,792,546958,250125,709,54083
:65536
416,250,178042,583,250,80167,149708,375,42541
:131072
542,125,269041,542,334,77959,135833,250,31042
:262144
125,5083,541000,13375,5083,24083,83708,14125,21541
:524288
84,208,1065208,500,125,1062416,1084541,958,989542
:1048576
83,42,3297417,6083,4875,4949708,1245791,209,3046750
:2097152
0,83,4232625,250,167,4476292,1965625,125,1954042
:4194304
83,166,8387625,333,209,4971334,2088875,292,2095917
:8388608
208,125,16825750,333,125,26443917,15012000,250,11542000
:16777216
41,84,46090625,458,167,3130250,1643709,208,2150208
:33554432
41,167,80894083,500,208,2219750,873334,208,894917
:67108864
375,125,156988000,750,208,361796750,94161542,166,91788625
