@Enlazada simplemente con cola
:1
18500,1792,2916,1292,1458,3292,1333,875,208
:2
209,375,583,292,250,666,542,291,125
:4
167,250,417,250,250,375,375,333,167
:8
167,209,459,208,208,458,542,333,209
:16
209,208,459,209,166,500,375,167,125
:32
167,250,541,209,167,2167,667,208,417
:64
125,209,833,209,125,2334,667,583,375
:128
125,500,1458,250,208,3750,1542,166,1166
:256
292,542,3750,708,334,1667,1209,208,542
:512
167,250,4875,250,250,13250,4459,125,4500
:1024
167,166,9833,209,208,1459,750,167,500
:2048
167,83,19292,209,250,21833,7875,167,7708
:4096
250,125,38000,334,208,43417,15250,250,15041
:8192
166,125,75708,250,250,76750,31708,250,31208
:16384
209,167,150458,500,209,18833,7959,208,7875
:32768
167,167,307417,166,334,513875,211917,208,60125
:65536
208,83,175250,250,250,147917,303583,250,69667
:131072
292,84,270459,375,250,15291,56375,167,13042
:262144
333,5125,542500,13250,5167,409666,437709,14208,386625
:524288
375,125,1076083,416,167,166250,177000,208,149208
:1048576
42,42,2175500,708,42,722833,731917,417,676250
:2097152
42,125,4641917,3667,3125,6951458,2545375,334,2504291
:4194304
125,42,10430875,334,125,791417,251084,83,235917
:8388608
83,375,20216459,375,125,2319708,858459,0,857417
:16777216
208,125,41241833,375,250,48661166,17307334,458,36753584
:33554432
208,84,84487333,458,292,53801417,15862250,333,39409167
:67108864
208,125,192885208,500,125,691995542,157918167,250,97215792
