@Enlazada simplemente con cola
:1
31083,4125,5334,2875,2417,6625,2250,1667,250
:2
625,792,875,709,667,875,792,541,208
:4
333,667,833,667,500,1375,1167,583,417
:8
500,709,1042,750,500,1292,1000,583,291
:16
500,709,1333,750,458,2000,1041,500,333
:32
375,750,1500,708,458,3083,1250,542,500
:64
333,667,2084,709,625,4541,1541,1416,667
:128
291,1167,3125,667,542,13958,1458,667,625
:256
333,2458,5417,1041,542,7833,3500,459,3792
:512
500,625,9542,1792,583,3708,1500,167,958
:1024
500,83,10125,333,250,7542,2875,167,2541
:2048
209,84,19209,167,291,10625,4208,166,3791
:4096
292,250,38125,208,167,104584,32709,250,32041
:8192
167,42,75959,250,209,37458,15209,250,15000
:16384
291,250,151125,250,83,159625,66125,83,61375
:32768
167,84,88834,375,1208,451709,183583,375,42416
:65536
417,42,172541,375,208,76792,182000,500,39000
:131072
292,5250,277292,13209,5292,124625,478834,14042,109625
:262144
250,42,550125,667,166,15500,25125,208,13625
:524288
83,83,1268041,583,84,245625,259750,167,221583
:1048576
84,125,2660834,834,166,934208,948542,625,874041
:2097152
208,42,4625042,7542,3041,5970166,3405584,334,2091042
:4194304
167,125,9373750,583,250,15235875,4792750,292,4984834
:8388608
125,83,20050542,1041,84,18473000,8261708,500,6156083
:16777216
167,125,38863333,583,167,80049458,58322375,334,51771833
:33554432
41,166,74132000,7666,125,37838375,11937792,333,25350292
:67108864
83,292,170536334,958,209,39916791,11499417,333,12227375
