@Enlazada simplemente con cola
:1
43250,4625,6042,3125,2875,8583,3167,1917,292
:2
791,709,1000,708,584,834,917,625,250
:4
375,709,875,709,500,791,791,667,375
:8
417,708,958,708,459,792,667,542,209
:16
500,750,1125,750,500,1042,1000,542,208
:32
333,666,1500,750,500,4625,1542,542,708
:64
375,708,2125,792,625,6500,2042,1667,1417
:128
333,1167,3000,750,667,2125,1417,667,708
:256
333,1375,5584,1625,625,1709,1458,417,458
:512
417,1834,10958,542,416,18042,7708,458,6292
:1024
291,250,18292,542,458,37625,16125,417,13167
:2048
458,209,35084,500,584,57542,16917,625,20750
:4096
541,417,68166,458,417,75916,35500,459,30792
:8192
667,209,77541,459,250,23875,9750,291,9250
:16384
166,1750,150916,291,167,80250,33875,167,33125
:32768
125,84,201792,292,208,172250,71417,208,17084
:65536
250,42,180291,333,333,53708,76125,375,29500
:131072
125,5167,284667,13125,5167,489959,907875,13958,218083
:262144
125,0,539166,625,125,101667,113083,250,81375
:524288
167,42,1076791,583,125,750209,2942750,1166,701333
:1048576
42,250,2172583,1291,167,220459,860417,375,198375
:2097152
209,291,5737083,3708,3042,5879792,2440542,167,2316250
:4194304
84,41,8502000,333,167,10918458,3691291,333,3598625
:8388608
42,42,16790166,459,208,21728125,12145541,292,7356750
:16777216
83,167,37976291,500,167,25563333,8741125,125,14919625
:33554432
125,83,86658209,500,416,38595834,15083833,83,11524458
:67108864
83,125,302437333,709,333,299249666,79391500,583,88951666
