@Enlazada simplemente con cola
:1
30250,3333,4209,2333,2542,5458,2417,1625,250
:2
417,750,875,709,542,875,667,542,209
:4
375,708,917,666,500,1125,959,583,292
:8
459,667,1000,666,500,1625,4958,458,375
:16
375,708,1334,708,459,1417,917,500,250
:32
375,708,1500,833,500,2334,1292,500,375
:64
333,625,2125,625,541,1667,1000,1542,333
:128
333,1125,3042,750,500,15916,9750,625,1917
:256
333,875,5250,750,500,11416,3541,791,2167
:512
833,709,9375,625,1375,15958,5208,208,4917
:1024
458,125,10167,334,167,3166,1500,208,1125
:2048
208,125,19292,291,250,6625,3041,167,2708
:4096
167,208,37917,209,167,78416,23083,250,22875
:8192
125,291,75542,250,208,155250,64708,250,64250
:16384
166,83,157917,292,250,103292,43167,250,16375
:32768
667,209,84459,458,333,169875,285792,250,81875
:65536
459,125,135375,250,209,162041,549208,333,114500
:131072
292,5291,275250,13542,5167,156834,171792,14000,138458
:262144
292,84,558875,542,125,65625,81375,292,58791
:524288
209,208,1195125,625,167,868250,890333,2208,825917
:1048576
125,166,2468166,959,250,2244375,2256500,1167,2086250
:2097152
209,83,4658625,3916,3083,6489708,2419375,250,2398917
:4194304
83,209,10035166,417,125,12860791,5118667,375,4097250
:8388608
0,125,19074167,458,208,17577000,5328459,334,5467000
:16777216
250,292,43018750,375,167,75691000,106446792,291,17994833
:33554432
166,166,133891708,500,125,27348917,16104625,333,8913250
:67108864
42,125,261473792,584,458,334412958,148901083,500,77799417
