@Enlazada simplemente con cola
:1
44833,4250,6667,2709,7000,6791,2334,1667,250
:2
666,791,917,750,500,1125,1000,583,209
:4
459,708,875,750,458,1125,1042,500,250
:8
416,708,1084,667,500,1583,1167,500,333
:16
375,708,1083,417,333,1708,708,250,209
:32
459,291,709,292,250,1584,583,250,375
:64
209,292,791,375,208,1166,417,584,125
:128
208,500,1500,333,167,2292,667,208,417
:256
166,417,2583,250,167,3250,791,375,541
:512
292,208,6042,250,292,2083,1000,209,708
:1024
209,83,9959,209,208,3750,1583,125,1333
:2048
166,83,19166,167,209,44541,15375,125,15000
:4096
167,125,37708,209,208,52291,19042,125,18625
:8192
166,42,75500,208,208,143042,59333,166,58500
:16384
208,84,153417,208,209,110583,45750,250,13209
:32768
250,83,78625,292,167,30334,13792,292,3041
:65536
333,83,153875,291,250,142875,283000,292,71542
:131072
375,83,267875,416,334,113584,361708,292,81667
:262144
167,5208,542084,13083,5250,82125,94292,13833,73750
:524288
83,0,1099833,416,208,293375,301916,333,270542
:1048576
208,167,2167875,875,0,1339875,1359500,1167,1984542
:2097152
167,125,4245125,3542,2709,5769375,2203917,208,2336500
:4194304
42,84,8431250,375,167,5550083,2249500,166,1992250
:8388608
125,167,17679208,417,208,3179625,1134917,291,1098500
:16777216
166,125,35446042,292,125,8573500,3065416,208,2808916
:33554432
125,84,103741125,334,125,49797917,13140041,292,18467417
:67108864
209,84,161264166,417,584,9812917,3106875,208,3339542
