@Enlazada simplemente con cola
:1
36417,4000,4917,2709,2417,6209,2375,1542,334
:2
500,750,875,750,542,1375,1000,541,250
:4
333,667,792,708,500,1334,1084,500,291
:8
375,708,875,750,458,1542,1000,500,250
:16
333,708,1000,750,458,792,750,542,209
:32
334,667,1333,667,416,4417,1541,542,667
:64
292,666,1833,625,417,1959,1167,1417,375
:128
292,1125,2917,709,459,11334,2208,458,1167
:256
333,875,5208,958,417,8916,4625,416,3208
:512
792,541,9375,500,458,14250,5792,375,4625
:1024
334,250,18625,541,458,44208,18209,375,15583
:2048
292,250,35208,541,458,14834,6000,375,5625
:4096
334,292,69292,500,459,46584,21541,417,19084
:8192
333,250,136500,542,417,93375,44333,1167,39625
:16384
375,250,283875,583,500,314000,144584,458,144250
:32768
333,166,150042,625,750,649375,431750,583,49458
:65536
917,125,201333,500,250,291000,590375,459,132625
:131072
584,166,273500,375,167,85833,329750,208,75291
:262144
250,5209,575291,13542,5208,90083,103291,14291,80250
:524288
125,250,1208667,792,167,684000,711083,792,641333
:1048576
250,167,2625916,1042,209,539833,553750,416,500417
:2097152
42,84,4684959,3666,2959,4363916,1469166,208,1437084
:4194304
167,208,9971500,417,84,18362000,4982041,291,4023083
:8388608
125,125,19342792,500,250,18303084,5853791,334,5135500
:16777216
250,208,36390750,500,208,57667458,6072708,333,6400250
:33554432
125,84,85704375,417,125,76228167,26028666,167,36354458
:67108864
209,250,204204000,375,417,65140458,12139708,333,17572917
