@Enlazada simplemente con cola
:1
34084,3542,4750,2791,2334,5375,2292,1709,250
:2
458,750,875,708,583,1541,1125,666,292
:4
333,708,875,750,500,1125,875,542,250
:8
333,708,1000,750,459,1458,1042,542,292
:16
334,667,1125,750,458,2917,1333,625,500
:32
334,666,1292,667,459,21167,1292,250,333
:64
459,208,1125,333,250,8209,917,875,750
:128
167,583,1500,250,167,1958,667,166,291
:256
166,416,2625,333,292,5875,2500,1041,2042
:512
500,1459,6916,291,292,5959,2333,166,1875
:1024
250,166,10000,250,167,11042,3875,125,3709
:2048
166,125,19291,166,125,38041,13459,250,13042
:4096
209,208,37958,208,209,33333,11750,250,12000
:8192
125,250,75750,292,208,63625,26667,209,26084
:16384
167,167,150500,334,208,309167,127250,291,30209
:32768
167,42,82375,167,208,71333,138083,291,31875
:65536
125,166,197792,334,167,187083,382250,292,87625
:131072
292,125,273458,375,250,162542,622459,125,142708
:262144
292,5125,536917,13500,5166,16667,31791,14333,15667
:524288
208,125,1066875,750,125,946250,971167,458,883083
:1048576
0,291,2147542,625,166,1055000,1058333,667,976292
:2097152
42,84,4268750,4375,2791,6035208,3332666,125,2463958
:4194304
42,42,8468000,500,42,3758917,1643625,167,1639416
:8388608
166,250,18651375,541,125,5704500,2704083,208,2096167
:16777216
167,167,37368708,375,250,59747417,17052083,250,18023500
:33554432
250,209,95656459,625,459,47084042,11009167,167,21324500
:67108864
84,41,165928583,458,208,211994667,64842875,250,50135542
