@Enlazada simplemente con cola
:1
21583,1667,2667,1375,1250,3416,1250,750,125
:2
166,333,500,292,209,583,584,250,42
:4
167,209,333,209,250,417,417,292,167
:8
167,209,375,208,125,500,375,208,208
:16
209,208,458,333,250,917,500,209,167
:32
125,250,500,250,125,917,416,209,292
:64
458,333,1125,292,250,1750,708,792,334
:128
167,542,1500,292,292,4416,834,209,417
:256
125,333,2583,292,250,5625,2125,208,1750
:512
209,583,4916,291,166,1166,625,208,375
:1024
166,166,9959,292,208,19959,7500,250,6875
:2048
208,125,19166,292,209,22625,7750,125,7750
:4096
208,83,37750,250,167,62125,23958,208,23542
:8192
167,125,75375,292,250,80541,33458,292,33250
:16384
208,83,151125,292,166,306667,127208,125,34917
:32768
208,83,77417,209,209,37209,74875,209,17542
:65536
250,83,188916,250,250,103542,335833,292,72458
:131072
42,4959,273625,13333,5125,271500,285125,14000,253625
:262144
167,166,535750,375,208,92709,114917,334,83000
:524288
125,167,1068375,292,42,498791,1976750,167,470917
:1048576
83,208,2154458,583,83,1834750,7184208,583,1712042
:2097152
209,41,4262375,3791,3125,6375208,2475917,41,2459375
:4194304
42,250,9836291,500,292,24621375,7583958,250,4065750
:8388608
166,292,16760625,375,250,6005959,2149209,208,1961959
:16777216
41,167,34442208,416,333,50835500,17957667,167,15974708
:33554432
125,42,83540666,458,83,128178083,62517500,250,55503917
:67108864
83,125,194674458,625,750,12366584,3857250,291,4001166
