@Enlazada simplemente con cola
:1
41250,4166,5084,2417,2125,6500,2500,2000,292
:2
541,750,958,833,541,875,708,500,250
:4
375,667,833,625,459,1375,1125,500,291
:8
375,709,959,667,458,1083,833,500,250
:16
708,458,1125,333,250,1042,541,250,125
:32
209,208,709,291,125,500,416,208,41
:64
166,292,833,292,250,1583,584,1083,291
:128
125,542,1417,292,208,2417,709,167,333
:256
125,292,2458,250,167,18708,1959,334,1667
:512
125,375,5000,333,209,11583,3792,125,3375
:1024
208,208,10667,834,208,16208,6084,209,5625
:2048
125,125,19375,292,1833,58500,15583,875,12583
:4096
1208,541,68958,625,542,111041,43542,500,37791
:8192
583,209,134333,542,500,118583,55500,1125,57750
:16384
333,250,284541,542,459,254584,114792,375,38625
:32768
1000,333,150709,958,625,542333,244292,791,52875
:65536
250,8875,351000,24833,9958,341958,1422084,16125,91292
:131072
166,208,278042,417,7125,259291,270333,417,227167
:262144
208,42,540958,209,5875,225500,251125,250,196625
:524288
83,125,1069709,542,208,525500,485042,583,490458
:1048576
0,167,2168667,792,125,22458,40625,292,18792
:2097152
167,125,8553666,3875,2792,276375,157500,41,158125
:4194304
84,42,8436750,250,42,13480875,9773625,125,4455875
:8388608
166,334,18033666,417,167,3353417,1838542,83,1178417
:16777216
250,167,34961709,375,167,58747333,13494000,250,108609250
:33554432
167,83,73718334,458,208,22765208,6807041,208,6642875
:67108864
83,167,151030792,333,83,188698292,54994417,459,91972958
